1034.2,15.0,6366.8,1053.4,-4.8,6287.5,1004.0,3.5,6443.3,1020.2,-245.9,6355.4,939.4,413.4,6292.3,1129.3,429.1,6423.4,1005.4,-503.2,6348.8,903.8,785.4,6320.9,1357.1,742.8,6420.3,729.6,845.5,6311.9,1244.5,880.4,6399.5,746.8,860.3,6272.9,1255.9,872.3,6439.8,932.6,850.3,6331.6,1426.9,782.7,6414.5,883.3,-573.4,6307.7,916.1,-619.8,6289.4,901.7,-614.8,6345.6,991.8,-622.8,6290.8,978.9,-612.0,6387.1,1069.6,-453.0,6228.3,1023.9,-433.4,6488.0,1109.2,-153.4,6188.6,994.6,-143.5,6542.0,1063.3,85.1,6136.9,936.2,82.2,6519.4,1073.5,161.5,6120.1,928.1,163.7,6532.1,1047.5,209.5,6148.2,922.3,210.7,6486.7,1030.6,159.8,6126.4,907.4,159.3,6502.1,1013.5,176.7,6140.5,916.6,177.9,6488.5
1010.0,14.0,6377.5,1030.0,-5.8,6297.9,982.3,2.3,6454.4,996.1,-247.3,6366.0,923.0,415.1,6305.4,1076.4,429.9,6433.1,981.2,-504.6,6358.8,903.1,788.4,6335.9,1322.4,726.7,6429.9,730.4,857.1,6328.1,1242.1,882.2,6407.2,746.7,869.8,6289.3,1251.7,873.5,6447.1,932.9,851.8,6345.2,1395.9,754.1,6423.6,857.4,-574.9,6317.8,889.1,-621.3,6299.3,876.7,-616.2,6355.6,965.6,-623.9,6300.5,951.4,-613.4,6396.9,1045.7,-453.7,6238.4,997.6,-437.0,6498.3,1087.2,-153.3,6198.9,980.1,-145.8,6553.6,1039.7,84.8,6146.7,931.7,81.5,6532.8,1048.3,161.4,6130.1,924.9,161.9,6546.3,1020.3,209.5,6158.4,916.4,206.9,6501.6,1002.6,160.0,6136.4,903.1,157.7,6516.9,987.2,177.0,6150.4,909.4,176.0,6503.3
988.6,12.9,6395.2,1009.4,-6.6,6315.1,961.2,1.5,6472.5,975.0,-248.6,6383.4,907.0,416.3,6325.9,1021.2,430.8,6449.8,961.6,-506.8,6375.5,905.0,791.5,6357.3,1284.4,706.3,6447.0,732.2,868.0,6350.7,1239.0,883.8,6423.0,748.8,878.9,6311.8,1246.5,874.9,6463.2,935.9,854.1,6364.9,1356.5,720.2,6441.3,839.1,-576.6,6333.7,871.2,-623.4,6315.4,855.5,-618.5,6371.7,947.3,-625.7,6316.8,932.3,-615.7,6413.3,1026.1,-455.2,6255.4,973.2,-443.8,6515.3,1063.0,-153.6,6215.5,965.9,-146.7,6572.0,1004.0,85.3,6162.5,919.4,79.5,6553.3,1014.8,162.4,6145.7,912.2,155.5,6568.2,989.5,211.0,6174.0,901.6,199.6,6524.1,968.1,161.2,6152.1,889.2,152.1,6539.7,952.6,178.3,6166.2,892.9,170.3,6526.0
948.0,11.9,6394.4,964.5,-8.6,6314.3,922.0,-2.2,6471.8,938.2,-251.5,6382.1,878.0,417.3,6328.9,937.8,428.4,6451.4,925.5,-510.9,6373.3,904.1,791.8,6362.0,1195.4,683.4,6448.2,733.3,874.0,6355.8,1180.5,881.4,6423.2,747.1,883.9,6317.6,1185.4,872.1,6463.1,936.2,853.8,6367.2,1265.7,688.2,6443.8,801.7,-578.8,6332.3,831.7,-624.0,6313.6,819.2,-620.9,6369.6,907.3,-626.3,6315.0,896.7,-617.7,6410.9,980.9,-456.0,6253.8,944.2,-452.5,6512.6,1013.1,-155.9,6213.9,942.5,-153.2,6570.9,945.0,83.8,6161.5,897.4,69.5,6555.5,950.1,161.2,6144.2,889.3,138.2,6572.4,924.3,210.0,6172.6,873.4,181.6,6529.7,905.2,159.7,6151.5,862.8,136.5,6545.6,891.2,176.8,6165.3,862.4,152.6,6532.0
921.1,10.4,6378.9,936.3,-11.5,6298.9,894.8,-6.9,6456.1,911.3,-255.4,6365.9,847.9,415.9,6317.2,882.7,419.8,6438.0,896.6,-515.6,6355.8,899.8,790.5,6352.8,1116.8,669.9,6436.2,732.0,876.2,6346.9,1084.6,871.7,6411.1,743.6,886.2,6309.6,1094.4,862.3,6450.9,933.8,852.0,6355.6,1184.2,681.1,6430.0,766.1,-580.5,6315.6,798.3,-624.8,6296.3,787.0,-623.3,6352.2,875.8,-627.2,6297.6,865.1,-620.6,6393.0,948.2,-455.1,6236.9,924.8,-459.9,6494.3,976.2,-156.3,6197.7,915.0,-160.4,6554.3,897.4,82.6,6145.7,859.5,59.5,6541.8,896.5,160.0,6128.8,849.4,125.5,6560.8,867.4,207.4,6157.5,830.5,169.0,6519.4,849.9,158.3,6137.0,820.6,124.3,6535.0,834.8,175.1,6151.0,818.6,139.2,6521.7
894.5,7.0,6346.7,910.5,-16.1,6267.2,866.6,-12.3,6423.3,883.5,-260.0,6333.4,846.1,413.3,6287.5,801.6,413.2,6404.6,867.7,-519.4,6322.7,891.7,786.3,6325.3,1042.0,670.4,6407.3,731.3,875.0,6316.7,971.9,858.1,6381.5,743.3,884.1,6280.4,976.1,850.4,6421.2,925.9,847.8,6326.2,1108.2,687.3,6401.5,739.2,-582.5,6283.9,767.8,-626.1,6264.0,758.2,-624.9,6319.5,844.0,-628.9,6265.1,835.8,-622.5,6359.6,921.4,-455.2,6204.9,895.8,-465.3,6459.8,941.3,-157.9,6165.9,888.1,-168.1,6520.1,860.4,77.6,6114.5,828.3,48.6,6510.3,854.3,155.2,6097.5,815.7,113.0,6530.3,821.5,200.8,6126.4,795.2,155.5,6489.7,806.3,152.5,6106.5,787.6,112.4,6505.1,791.0,169.0,6120.3,784.6,125.9,6491.7
874.2,3.8,6350.7,884.4,-20.5,6271.2,847.8,-16.6,6427.5,862.9,-265.2,6336.8,847.7,408.6,6293.2,756.0,403.9,6409.5,845.0,-525.8,6324.6,890.6,786.9,6332.0,971.9,680.0,6414.2,731.8,876.3,6321.3,862.3,848.1,6391.4,744.6,886.2,6285.4,873.7,840.9,6430.8,928.4,847.8,6330.6,1034.3,702.5,6410.3,715.9,-587.4,6286.8,743.0,-630.9,6266.2,735.1,-630.7,6321.6,817.6,-634.6,6266.9,810.0,-628.8,6361.0,896.0,-459.8,6207.2,878.0,-473.2,6461.2,908.5,-165.2,6169.4,864.1,-177.0,6523.5,819.3,67.3,6119.3,794.5,37.6,6515.6,812.3,144.8,6102.5,783.4,99.3,6538.3,782.4,187.2,6131.7,763.8,139.7,6498.7,767.3,140.1,6111.8,756.3,99.9,6514.0,753.5,156.1,6125.6,753.5,112.7,6500.9
872.7,3.2,6398.2,880.8,-18.1,6317.9,854.4,-18.1,6476.1,864.1,-265.5,6383.5,851.3,407.2,6338.2,749.9,399.8,6457.2,851.2,-528.1,6369.9,895.0,788.4,6372.3,951.6,688.1,6463.4,740.9,878.7,6361.4,837.4,855.8,6440.5,754.7,889.6,6325.6,852.1,849.4,6481.1,938.3,842.3,6372.2,1020.4,711.1,6460.3,708.9,-600.4,6335.2,738.8,-643.0,6313.4,739.0,-645.2,6369.6,812.2,-644.1,6311.1,815.0,-640.1,6407.9,897.1,-462.9,6249.8,873.8,-478.6,6508.8,908.6,-172.9,6211.4,869.7,-204.9,6574.2,805.8,60.9,6161.0,805.1,22.4,6572.1,802.0,142.1,6143.1,793.3,74.4,6594.7,772.7,187.1,6173.2,776.5,101.8,6555.8,752.8,135.1,6153.7,771.9,72.8,6573.9,739.9,152.3,6167.4,770.0,90.5,6561.7
849.0,2.9,6365.7,858.7,-19.7,6285.8,836.1,-18.7,6443.5,841.7,-265.9,6351.2,846.6,405.3,6307.1,721.6,398.0,6426.0,824.6,-528.8,6338.2,881.9,782.6,6340.8,899.0,690.1,6430.1,736.8,873.0,6329.1,784.2,852.4,6406.0,751.6,884.1,6293.9,789.2,845.0,6446.1,925.6,835.3,6341.2,941.5,728.7,6426.9,690.1,-599.8,6305.9,717.2,-642.3,6283.6,716.6,-644.5,6339.3,789.6,-643.5,6280.1,790.4,-640.4,6376.0,869.0,-465.2,6218.4,864.0,-477.7,6475.5,880.7,-174.7,6179.2,842.7,-198.4,6541.6,770.1,56.1,6132.5,767.0,19.7,6542.5,759.5,136.7,6115.5,752.6,77.3,6563.3,728.0,176.5,6145.8,734.2,107.0,6523.9,717.3,126.9,6126.4,730.9,74.4,6542.2,704.6,142.2,6140.0,728.4,88.9,6529.6
827.6,4.0,6349.1,837.5,-19.5,6269.4,818.2,-18.5,6426.9,823.1,-265.6,6334.1,837.1,404.7,6292.1,697.0,397.2,6411.5,803.0,-529.6,6320.1,879.2,779.9,6325.1,813.4,707.5,6418.6,732.7,871.1,6312.0,680.7,850.8,6391.9,750.0,881.8,6277.5,677.2,843.0,6432.0,919.5,833.6,6326.8,849.7,760.3,6417.0,670.7,-600.7,6288.6,699.6,-643.3,6266.1,694.9,-645.2,6321.6,773.0,-643.4,6262.1,771.1,-640.6,6357.6,846.0,-467.3,6200.9,848.1,-477.8,6456.4,852.7,-173.3,6162.3,822.0,-195.1,6524.3,732.6,54.2,6118.0,737.1,18.3,6529.2,717.9,133.1,6101.8,723.1,76.8,6548.9,683.1,169.9,6132.5,702.3,106.5,6508.9,674.3,121.2,6112.7,701.0,73.5,6528.0,662.1,134.2,6126.2,697.5,85.9,6515.2
800.0,3.0,6296.2,806.4,-21.4,6216.9,798.9,-21.0,6373.8,797.2,-265.3,6281.0,809.0,401.2,6239.9,680.4,393.0,6361.0,774.5,-527.4,6266.4,870.3,773.0,6270.2,736.8,723.6,6370.1,723.2,864.7,6257.2,589.6,845.1,6343.8,743.3,874.8,6223.2,584.6,837.0,6383.3,910.4,827.2,6273.1,767.1,780.3,6371.2,644.0,-597.1,6236.8,672.7,-639.4,6213.7,668.1,-641.6,6268.8,746.3,-639.4,6208.9,743.6,-637.4,6303.4,818.0,-466.8,6148.2,822.2,-475.5,6401.4,818.9,-174.8,6109.9,803.6,-197.2,6469.9,686.3,50.8,6067.2,719.7,11.3,6478.9,671.0,127.2,6051.7,709.8,68.7,6499.0,636.3,162.4,6082.6,686.4,97.5,6458.1,629.1,114.2,6062.9,685.8,63.9,6478.1,618.5,126.2,6075.9,681.0,75.1,6465.5
781.6,3.2,6317.4,793.9,-20.9,6237.8,776.6,-20.1,6395.6,776.1,-266.1,6302.4,804.5,403.4,6261.8,648.9,395.7,6384.3,753.2,-529.7,6287.7,872.2,775.1,6290.5,662.7,745.0,6395.0,725.1,869.3,6277.2,494.4,847.6,6368.8,746.0,878.5,6243.2,493.0,839.1,6407.4,913.4,830.6,6294.8,688.3,807.8,6398.6,623.9,-599.8,6258.2,653.4,-643.2,6235.3,645.9,-643.6,6290.5,727.5,-643.2,6230.2,721.8,-639.7,6324.9,798.2,-470.5,6168.9,799.9,-477.2,6422.8,786.2,-177.9,6130.5,789.3,-198.4,6491.9,654.3,47.4,6087.3,711.0,9.8,6503.1,641.4,124.3,6071.4,705.5,68.7,6524.2,605.8,160.1,6102.4,681.4,97.2,6482.7,598.4,110.8,6082.6,680.1,63.0,6503.2,588.4,122.7,6095.2,674.8,74.2,6490.6
757.6,3.6,6302.3,769.9,-20.2,6222.9,753.2,-19.2,6380.4,751.9,-264.8,6287.2,794.4,404.8,6248.7,628.1,396.1,6371.7,729.1,-528.5,6271.8,870.0,773.7,6276.1,587.9,754.9,6382.5,722.7,869.0,6263.7,405.4,835.3,6358.6,744.6,878.0,6230.1,406.7,826.9,6395.8,911.0,829.4,6280.5,602.6,824.3,6386.5,600.1,-596.5,6243.2,625.2,-640.4,6220.2,620.1,-640.5,6275.1,700.4,-641.9,6214.7,694.3,-637.8,6308.7,771.2,-469.4,6153.3,777.8,-476.0,6406.3,757.9,-180.0,6115.8,760.9,-197.3,6475.9,624.2,42.2,6071.9,695.8,9.9,6489.4,609.3,119.4,6056.5,693.3,70.2,6510.9,574.9,156.7,6088.2,670.5,99.6,6469.1,567.7,105.2,6067.9,668.2,64.7,6490.1,559.9,116.8,6080.1,662.6,76.4,6477.4
732.0,3.7,6284.2,747.6,-19.9,6205.2,725.3,-18.6,6362.0,725.3,-263.5,6269.0,783.3,406.7,6232.7,600.3,395.7,6356.0,704.5,-526.5,6253.3,866.4,771.2,6259.0,522.3,756.0,6368.0,718.7,868.2,6248.6,337.9,817.4,6347.5,742.7,877.0,6214.5,341.7,810.6,6383.1,908.3,827.3,6263.7,537.3,829.6,6371.2,574.4,-593.6,6224.9,599.6,-637.5,6202.0,592.5,-637.3,6256.6,675.9,-639.8,6196.6,668.2,-634.9,6290.0,748.5,-467.5,6135.3,747.0,-474.9,6387.0,729.7,-180.1,6097.9,732.0,-195.8,6456.4,592.0,40.1,6052.6,680.4,12.3,6473.1,575.5,118.3,6036.5,680.1,73.4,6495.7,539.4,158.4,6068.2,658.9,103.9,6453.8,532.9,103.8,6047.3,653.9,68.3,6474.8,524.2,116.6,6058.9,648.6,80.8,6462.1
705.7,4.0,6278.5,720.1,-19.3,6199.5,699.4,-18.1,6356.4,698.2,-263.0,6263.3,767.9,406.8,6228.6,579.3,395.6,6353.2,679.0,-525.2,6247.4,862.2,769.5,6253.2,479.7,755.3,6366.3,716.6,868.9,6245.1,291.4,796.4,6349.1,741.9,877.3,6210.4,297.7,789.1,6383.4,906.6,826.6,6257.9,492.1,832.0,6368.4,549.8,-591.1,6219.5,572.7,-636.1,6196.9,568.2,-634.9,6251.0,647.5,-638.1,6191.2,641.2,-633.3,6284.1,719.1,-466.6,6129.7,720.2,-473.9,6380.4,693.5,-180.4,6092.6,709.9,-194.5,6450.3,560.3,39.1,6047.4,657.3,14.2,6468.9,546.7,117.4,6031.0,657.0,74.9,6492.1,514.6,158.1,6063.3,635.7,105.4,6449.4,505.9,103.1,6042.2,630.8,70.2,6470.6,497.9,116.3,6053.6,625.9,82.7,6458.1
657.4,5.6,6260.3,675.0,-17.0,6181.6,641.5,-15.3,6337.8,646.1,-260.7,6245.2,734.0,409.1,6211.9,531.1,397.4,6334.6,628.1,-523.4,6229.8,854.2,765.4,6236.1,445.4,765.9,6346.6,711.8,868.2,6230.2,257.4,799.4,6329.6,739.0,876.1,6195.2,257.3,792.1,6363.6,901.7,824.2,6240.8,457.3,842.5,6346.7,502.4,-584.7,6201.6,525.9,-631.1,6179.3,519.2,-628.7,6233.1,599.8,-636.0,6174.0,590.5,-630.1,6266.4,673.5,-464.5,6112.6,665.0,-471.7,6361.8,659.7,-178.3,6075.0,654.5,-193.7,6431.0,525.8,40.4,6031.4,607.8,14.8,6450.8,512.0,117.7,6015.0,604.7,75.0,6473.6,481.5,157.7,6047.5,584.5,105.3,6431.0,470.8,103.8,6027.0,577.5,70.4,6452.5,463.8,116.5,6038.0,572.8,82.8,6440.0
622.9,7.8,6258.9,643.6,-14.6,6180.5,599.5,-11.8,6336.1,609.2,-258.1,6243.8,708.3,414.4,6212.4,498.8,399.9,6332.5,587.8,-521.9,6228.6,847.6,763.0,6237.0,431.2,772.4,6342.8,709.5,870.0,6234.1,244.4,806.3,6324.5,738.3,877.5,6199.1,242.2,798.8,6358.3,898.2,823.4,6242.1,448.1,845.7,6341.6,466.3,-580.4,6201.2,487.0,-626.9,6178.8,481.2,-624.3,6232.4,560.8,-634.0,6173.1,552.8,-627.0,6265.0,638.0,-463.6,6111.7,619.5,-470.4,6360.0,634.1,-177.8,6072.9,612.7,-193.2,6429.0,507.3,41.3,6030.8,567.0,14.3,6450.5,492.2,117.6,6014.8,560.1,74.4,6474.1,461.4,156.3,6047.0,538.8,104.5,6431.3,451.3,103.7,6027.0,533.5,69.7,6452.6,442.9,115.8,6037.8,528.9,81.8,6440.2
589.9,10.4,6235.9,606.4,-12.5,6158.0,563.6,-9.1,6312.6,572.0,-254.9,6220.9,674.9,417.3,6191.2,474.9,402.5,6309.1,551.1,-518.1,6205.6,838.7,760.4,6216.0,418.6,773.2,6319.8,705.6,868.9,6215.0,233.9,807.2,6299.7,735.4,876.0,6180.3,231.1,800.4,6333.4,891.4,819.8,6221.0,437.2,843.7,6317.3,433.7,-575.7,6178.2,457.3,-621.5,6155.9,446.8,-618.5,6209.2,529.1,-628.5,6150.5,516.8,-620.8,6241.7,601.2,-460.5,6089.8,583.9,-466.9,6336.0,604.4,-174.0,6050.6,572.4,-191.4,6404.6,488.3,42.0,6009.9,526.8,14.4,6427.5,476.5,118.7,5994.0,520.6,74.0,6451.2,447.3,157.1,6026.5,498.3,103.7,6408.3,436.6,105.1,6006.7,494.8,69.3,6429.3,427.7,117.4,6017.4,490.5,81.1,6417.1
580.1,14.9,6225.5,593.3,-9.1,6147.9,561.2,-6.1,6302.0,563.6,-253.1,6210.6,664.3,423.3,6181.6,469.7,410.3,6301.1,536.9,-516.2,6194.7,832.1,759.4,6205.9,412.9,777.2,6313.6,702.1,871.7,6204.0,234.3,820.5,6294.0,733.5,879.1,6169.8,234.7,812.7,6327.6,887.2,817.6,6211.8,439.2,846.1,6311.2,421.9,-576.7,6167.0,447.6,-621.7,6145.2,435.9,-618.7,6198.2,517.9,-625.8,6140.1,503.4,-618.2,6230.8,586.7,-459.6,6079.4,571.4,-463.4,6325.0,594.3,-172.0,6041.5,563.4,-191.2,6394.2,478.1,46.3,6002.5,520.7,14.9,6417.9,467.2,120.9,5987.0,514.4,74.6,6441.2,441.2,158.0,6020.2,490.8,104.3,6397.4,429.1,108.0,6000.7,487.4,69.9,6419.0,420.7,120.0,6011.6,483.4,81.6,6406.8
557.8,18.2,6236.9,572.1,-4.7,6159.2,535.5,-2.8,6313.6,540.7,-250.9,6222.2,640.5,424.4,6192.3,446.9,419.6,6313.5,517.0,-514.3,6206.2,826.4,754.6,6215.7,409.8,780.5,6326.4,702.2,872.6,6214.3,232.9,833.6,6305.0,733.9,879.2,6179.9,231.2,824.8,6338.5,884.9,809.8,6222.6,439.0,847.9,6324.0,398.3,-577.0,6178.9,424.8,-622.0,6156.9,414.3,-619.1,6210.1,495.1,-625.2,6151.5,483.8,-617.8,6242.4,569.5,-458.7,6090.7,551.8,-460.9,6336.7,581.4,-168.1,6052.6,543.9,-187.8,6405.9,476.4,51.4,6014.3,500.2,16.3,6431.1,466.0,125.7,5998.5,494.5,75.3,6453.9,436.7,162.1,6032.0,472.4,104.7,6410.2,426.8,113.1,6012.2,469.2,70.7,6432.4,416.7,125.2,6023.0,464.9,82.1,6420.0
530.1,17.6,6231.7,541.6,-5.3,6153.9,507.8,-3.6,6308.6,515.1,-251.0,6217.2,597.2,424.5,6187.6,430.4,418.7,6308.4,489.5,-513.2,6201.0,812.2,745.3,6211.1,405.0,779.9,6320.3,700.6,871.9,6210.7,230.2,841.8,6297.6,732.6,878.0,6176.6,227.7,832.1,6331.0,875.1,791.1,6218.9,436.5,846.4,6317.5,370.4,-576.7,6173.7,397.5,-621.2,6151.6,386.8,-618.8,6205.0,467.4,-624.0,6146.1,454.6,-616.9,6237.0,544.5,-458.4,6085.5,524.7,-460.1,6331.5,563.1,-169.6,6047.6,521.1,-186.5,6400.6,470.2,52.5,6009.2,474.0,16.7,6428.1,462.1,127.8,5992.8,469.8,75.0,6451.1,432.3,164.6,6026.5,448.4,104.5,6408.0,419.7,116.4,6006.5,443.5,70.7,6429.7,408.5,129.2,6017.2,439.6,82.0,6417.4
502.4,16.5,6235.7,511.9,-6.6,6157.6,479.6,-4.5,6313.1,486.5,-251.8,6221.7,551.5,426.2,6190.7,412.3,420.6,6311.9,462.8,-513.4,6205.8,789.5,731.9,6214.4,401.3,781.5,6323.6,700.2,872.2,6214.9,228.7,848.9,6300.3,732.7,878.1,6180.7,225.2,838.1,6334.0,856.3,766.2,6224.0,434.3,847.6,6320.5,344.5,-577.7,6177.9,373.1,-622.2,6156.2,358.0,-619.6,6209.7,444.6,-624.2,6150.9,429.5,-617.0,6241.9,517.2,-459.1,6090.1,495.8,-460.4,6336.4,543.1,-170.0,6052.1,492.7,-185.7,6405.7,463.9,53.5,6013.6,442.5,18.3,6433.1,458.6,129.4,5996.7,438.1,75.8,6457.4,429.7,166.9,6030.2,419.5,105.4,6414.7,415.7,119.9,6010.4,414.1,72.2,6435.8,403.2,133.1,6021.0,411.2,83.3,6423.5
470.4,16.4,6237.2,483.3,-6.6,6158.7,445.5,-4.1,6314.8,455.2,-251.7,6223.2,502.2,429.1,6191.0,393.8,424.0,6312.6,433.6,-512.6,6207.7,759.8,717.1,6214.3,398.0,782.8,6324.1,697.1,871.8,6215.2,227.8,853.9,6301.2,729.5,876.7,6180.9,224.4,842.9,6335.2,829.5,740.4,6224.4,432.5,847.9,6320.7,317.1,-577.9,6178.4,347.3,-622.7,6157.1,325.7,-619.7,6210.8,422.6,-624.2,6152.8,396.1,-616.0,6243.7,492.5,-459.3,6091.9,460.7,-459.6,6338.5,520.1,-168.6,6053.9,452.7,-182.2,6407.4,449.5,71.5,6015.0,413.9,31.8,6434.6,447.9,147.9,5997.7,410.9,89.8,6459.5,421.1,192.7,6030.9,394.8,125.6,6417.6,403.2,145.5,6011.8,386.6,88.5,6438.8,389.9,161.9,6022.7,384.3,101.5,6426.6
440.1,15.8,6230.3,452.4,-7.0,6151.6,413.4,-4.8,6308.0,425.6,-252.0,6217.0,440.9,428.7,6182.8,379.3,424.0,6304.7,406.3,-512.5,6202.3,719.1,698.8,6203.6,396.8,782.0,6314.8,687.1,870.0,6203.4,226.4,855.7,6292.8,717.7,872.4,6169.0,223.7,845.0,6327.4,788.8,710.2,6213.9,432.7,846.7,6310.5,291.8,-577.4,6172.4,318.5,-622.2,6151.7,300.1,-619.4,6205.1,391.2,-623.2,6147.7,369.5,-615.4,6238.3,462.8,-459.0,6086.2,431.2,-459.4,6333.2,499.0,-169.0,6047.8,419.5,-181.1,6400.8,442.9,67.2,6009.1,393.5,36.4,6427.6,442.9,142.7,5991.7,390.6,94.5,6452.5,418.3,186.2,6024.3,375.3,132.1,6411.3,400.7,139.8,6005.5,366.3,93.4,6432.6,388.9,155.8,6016.2,365.3,106.6,6420.3
408.4,15.3,6241.3,424.7,-7.8,6162.5,379.0,-4.7,6319.1,395.0,-252.6,6228.4,397.3,430.2,6192.6,363.6,426.6,6314.7,379.8,-513.4,6214.3,678.8,687.6,6213.4,396.5,784.2,6323.6,656.5,870.2,6210.3,225.6,859.5,6303.0,686.5,868.1,6176.4,222.7,848.9,6337.8,746.1,694.5,6224.7,433.9,848.3,6319.2,265.1,-578.7,6183.7,294.7,-623.5,6163.2,276.5,-620.7,6216.6,367.0,-624.2,6159.6,345.5,-616.7,6250.4,434.9,-460.0,6097.7,399.3,-460.1,6345.4,477.1,-170.1,6059.1,390.0,-179.1,6412.5,428.3,66.6,6019.7,363.9,42.2,6438.4,427.3,141.4,6002.0,357.1,102.0,6463.3,401.6,184.5,6034.5,342.3,142.2,6422.9,385.7,138.7,6016.2,334.6,100.7,6443.6,373.0,154.5,6026.8,333.7,115.1,6431.5
382.4,13.0,6260.8,398.6,-10.5,6181.9,352.7,-5.1,6338.7,371.8,-254.3,6248.1,348.0,430.0,6210.8,344.8,427.0,6332.9,358.2,-515.5,6234.6,623.7,682.5,6230.2,396.8,786.0,6338.7,602.7,870.6,6226.3,225.1,862.9,6319.3,628.8,864.9,6191.5,223.6,852.4,6354.8,687.5,689.2,6241.8,435.9,849.6,6334.8,244.6,-581.3,6204.3,271.3,-625.8,6183.7,257.3,-623.1,6237.0,343.7,-626.6,6180.0,328.0,-619.2,6270.8,411.7,-461.6,6117.8,379.9,-461.9,6365.7,458.5,-171.4,6078.3,371.1,-180.8,6432.7,403.4,65.5,6039.2,339.8,40.1,6457.4,404.8,140.5,6021.3,332.5,100.8,6482.9,380.6,183.4,6053.3,317.9,140.8,6443.3,364.3,137.3,6035.1,309.2,99.4,6463.7,353.1,153.0,6045.5,309.0,113.5,6451.4
358.3,11.5,6256.0,377.4,-12.5,6177.1,327.5,-5.8,6333.6,348.1,-254.8,6243.0,303.5,429.1,6205.3,313.6,426.5,6327.4,334.3,-515.2,6229.2,559.2,680.0,6227.2,391.2,784.2,6333.5,511.5,868.6,6221.4,223.0,864.7,6313.7,540.6,862.2,6186.9,221.1,853.4,6349.6,619.1,693.7,6238.6,434.7,848.4,6330.3,220.1,-581.8,6198.5,249.6,-625.9,6177.9,234.3,-623.4,6231.2,322.8,-626.3,6174.7,303.8,-618.9,6265.3,391.6,-461.3,6112.9,353.4,-461.6,6359.9,439.0,-171.6,6073.7,343.3,-180.0,6427.3,378.0,65.2,6033.9,293.9,41.6,6450.8,380.2,140.4,6016.2,283.2,103.8,6477.0,353.5,183.5,6047.9,268.7,144.7,6438.3,339.0,137.4,6029.9,259.1,101.9,6458.0,325.2,153.1,6040.4,259.6,116.4,6445.8
319.2,7.0,6258.0,335.8,-19.3,6179.4,289.3,-8.7,6335.3,311.3,-258.1,6245.1,231.3,425.3,6206.8,292.3,425.7,6327.9,296.4,-516.7,6231.5,427.5,691.0,6228.5,384.1,781.4,6328.9,310.7,861.1,6225.0,226.1,864.3,6311.6,342.4,858.3,6189.2,225.6,854.1,6348.5,477.1,705.9,6240.0,431.7,840.8,6326.0,181.3,-583.4,6201.2,207.8,-627.3,6180.6,195.1,-624.9,6233.7,276.8,-626.8,6177.2,261.4,-619.5,6267.4,355.1,-463.3,6115.5,317.2,-462.2,6361.8,401.0,-174.6,6076.3,290.4,-179.7,6429.2,344.4,64.2,6035.8,221.8,40.5,6450.8,343.5,136.9,6017.7,208.7,104.2,6477.4,313.3,179.6,6049.2,194.8,144.6,6439.3,304.6,136.4,6031.6,184.6,102.1,6458.4,289.3,152.5,6042.0,188.5,116.8,6446.0
289.7,3.3,6295.6,308.3,-25.9,6216.7,259.3,-11.7,6373.1,282.0,-262.9,6283.5,182.6,421.4,6240.8,280.0,426.5,6364.7,271.3,-521.4,6270.6,345.8,706.7,6264.1,380.6,783.0,6364.1,216.1,868.4,6260.5,228.4,869.7,6346.8,244.0,866.9,6223.9,228.3,859.3,6384.6,396.1,749.8,6275.0,427.4,841.0,6360.5,156.0,-587.9,6239.6,181.6,-632.1,6219.3,166.2,-629.5,6272.4,252.8,-631.7,6216.2,235.6,-623.8,6306.7,331.3,-467.9,6154.2,287.4,-465.2,6401.5,374.7,-178.6,6114.1,239.4,-177.3,6468.1,320.5,62.1,6072.8,166.8,40.9,6487.5,319.1,133.2,6054.5,152.9,108.0,6513.3,288.2,175.6,6085.6,144.0,149.3,6474.9,279.6,133.8,6068.0,129.0,105.6,6494.1,265.2,150.0,6078.4,137.2,120.7,6481.4
256.9,2.2,6262.0,278.0,-27.6,6183.4,226.7,-14.8,6339.4,254.5,-263.9,6249.9,138.9,414.3,6204.9,266.3,421.1,6329.7,240.1,-520.9,6237.5,252.7,722.6,6226.9,373.0,775.7,6328.6,114.7,864.0,6224.4,229.8,863.5,6315.2,135.9,866.3,6188.3,233.6,852.8,6353.0,292.7,778.9,6236.9,416.9,832.5,6324.0,131.0,-588.7,6205.9,158.6,-632.2,6186.2,136.7,-628.8,6238.8,230.2,-630.9,6183.7,199.1,-621.5,6273.9,303.4,-468.5,6121.7,249.7,-463.0,6368.1,351.6,-178.7,6080.1,212.6,-176.9,6436.1,288.9,60.4,6040.1,147.3,39.6,6454.0,286.4,131.2,6021.6,132.5,105.4,6479.2,255.3,172.6,6052.6,121.2,145.5,6441.1,246.3,132.1,6035.7,109.8,102.8,6459.7,230.5,148.1,6046.4,114.8,117.7,6446.8
248.3,1.5,6272.8,270.5,-28.9,6194.0,218.7,-15.4,6350.6,244.9,-265.3,6261.6,125.7,407.6,6211.1,272.8,419.3,6339.1,232.8,-522.6,6250.1,235.2,740.5,6232.1,373.9,774.9,6334.2,106.6,866.4,6231.3,233.0,863.8,6323.4,117.3,870.4,6195.4,239.4,853.7,6361.7,271.4,795.9,6241.9,416.4,833.5,6328.0,119.5,-590.5,6220.1,147.0,-633.9,6199.8,132.2,-631.2,6252.5,215.7,-632.8,6196.3,195.9,-624.0,6286.7,293.8,-470.0,6133.5,247.4,-464.1,6381.0,339.4,-178.4,6091.5,201.2,-174.4,6448.7,278.6,60.8,6050.3,121.0,39.9,6464.0,277.5,131.7,6032.1,101.8,108.2,6487.0,244.8,172.2,6062.7,94.1,148.7,6449.1,237.1,131.6,6045.9,82.1,104.5,6467.2,220.9,147.1,6056.8,89.9,120.4,6454.1
228.6,2.7,6275.8,252.7,-27.1,6196.9,201.0,-14.4,6354.0,230.2,-264.5,6264.7,110.0,404.1,6212.6,273.4,419.0,6338.8,219.6,-522.6,6253.6,171.5,750.3,6233.0,373.7,774.4,6332.5,32.6,866.9,6235.2,232.6,863.7,6323.8,36.8,872.1,6199.4,242.0,854.6,6362.5,203.5,806.6,6244.2,417.2,833.6,6325.6,105.2,-591.1,6224.3,133.4,-634.5,6203.6,119.2,-632.0,6256.6,203.3,-633.6,6199.7,186.4,-624.8,6290.3,278.1,-470.3,6136.5,235.8,-464.2,6384.7,324.1,-178.3,6094.7,178.0,-170.7,6453.1,257.0,61.2,6053.4,90.7,40.3,6465.7,257.8,131.9,6036.2,72.5,110.0,6486.5,227.8,172.0,6066.6,65.0,150.4,6448.6,217.8,131.6,6049.7,52.7,105.2,6466.4,203.2,146.9,6060.7,61.2,121.6,6453.2
206.3,3.6,6248.2,231.6,-25.7,6169.4,175.7,-13.7,6326.2,210.3,-262.4,6236.8,89.8,403.0,6184.7,263.5,417.1,6307.5,201.0,-519.8,6225.5,91.0,762.3,6206.7,371.7,769.8,6301.2,-71.0,861.1,6210.5,229.3,859.3,6291.9,-65.3,867.3,6174.5,238.4,851.4,6330.4,117.4,824.0,6217.6,415.5,829.6,6292.8,82.9,-587.4,6197.2,110.2,-630.9,6176.1,98.1,-628.3,6229.0,181.3,-630.6,6171.7,166.1,-622.3,6262.1,258.8,-467.3,6108.6,219.7,-462.0,6356.1,295.0,-177.2,6067.5,156.8,-166.7,6424.9,232.4,61.5,6026.1,60.2,41.1,6435.8,234.8,131.9,6009.6,37.7,112.4,6454.6,204.1,172.5,6040.1,30.4,152.9,6417.3,194.8,131.6,6023.2,19.4,106.8,6433.8,179.0,147.1,6034.6,27.7,123.7,6420.8
183.1,4.5,6214.1,209.1,-25.2,6135.7,151.3,-13.3,6291.7,187.7,-260.7,6202.9,70.2,402.2,6152.8,247.5,415.5,6270.5,177.6,-516.7,6191.3,12.2,770.5,6177.0,368.6,764.4,6262.6,-161.5,844.7,6183.7,223.0,854.3,6253.7,-151.3,859.0,6148.0,235.7,847.4,6291.8,35.0,835.1,6187.4,412.3,824.7,6253.4,59.8,-584.0,6163.8,86.0,-627.2,6142.3,74.0,-624.8,6195.0,159.0,-627.0,6137.6,144.3,-618.9,6227.4,235.8,-464.5,6075.0,196.4,-459.2,6321.0,268.7,-175.0,6034.6,127.6,-163.5,6390.0,213.2,62.0,5993.7,29.9,41.6,6398.4,217.0,131.9,5977.5,6.4,114.0,6415.4,187.2,172.1,6007.5,0.7,155.5,6378.9,179.0,131.3,5990.8,-10.7,107.7,6394.4,163.3,146.6,6002.4,-1.7,125.6,6381.7
161.5,5.7,6196.9,189.9,-24.5,6118.7,128.7,-13.0,6274.2,163.1,-259.2,6185.8,55.4,400.7,6136.4,235.0,414.4,6250.8,151.0,-515.1,6173.8,-44.9,767.8,6160.5,366.7,760.9,6241.3,-224.6,817.6,6168.8,219.1,851.7,6232.5,-211.7,839.7,6132.4,233.0,845.7,6270.2,-32.7,837.8,6170.4,410.7,821.4,6231.6,33.6,-582.0,6146.0,62.4,-625.2,6124.4,47.3,-622.7,6177.2,134.7,-625.0,6120.1,116.4,-616.8,6209.7,211.8,-462.6,6058.1,168.6,-456.9,6303.1,243.6,-172.3,6018.1,93.2,-160.1,6372.7,196.7,62.5,5977.1,-1.9,41.7,6378.3,200.1,131.9,5961.1,-23.0,114.4,6394.6,170.1,171.8,5990.8,-29.0,156.3,6358.7,163.0,131.0,5974.2,-40.1,107.9,6373.8,147.1,146.3,5985.8,-30.6,126.4,6361.0
140.3,7.4,6184.3,168.5,-21.8,6106.0,111.2,-12.1,6261.8,139.0,-256.9,6173.4,32.7,400.5,6123.7,220.2,413.5,6236.8,126.6,-513.4,6161.5,-95.1,770.4,6147.5,364.4,755.8,6225.1,-272.5,795.8,6157.1,216.0,850.0,6216.4,-259.6,818.2,6119.9,229.5,844.5,6253.7,-86.3,845.2,6156.7,409.1,817.2,6215.1,7.7,-578.7,6134.4,32.8,-622.5,6112.4,20.9,-620.4,6165.1,107.2,-623.5,6107.7,90.2,-615.4,6197.1,184.7,-460.0,6045.5,144.2,-455.4,6290.8,216.7,-170.4,6005.9,67.6,-157.5,6360.1,164.9,64.4,5964.5,-25.5,42.0,6363.8,168.7,133.7,5948.4,-48.4,115.4,6379.7,138.6,174.4,5977.9,-54.9,157.7,6343.7,128.9,132.8,5961.2,-67.2,108.7,6358.5,115.1,147.9,5972.8,-58.2,127.4,6345.8
119.1,8.8,6182.3,144.9,-19.9,6103.8,91.8,-11.8,6260.0,116.6,-255.2,6171.4,3.6,401.2,6124.1,208.4,413.4,6233.9,102.9,-512.1,6158.9,-116.9,770.1,6149.4,362.2,752.5,6220.1,-294.5,792.5,6162.5,214.2,850.2,6213.2,-278.8,814.6,6125.2,227.0,844.9,6250.1,-103.6,843.0,6158.9,408.0,813.9,6209.7,-18.7,-574.2,6132.3,5.2,-618.7,6110.1,-5.9,-616.8,6162.8,78.5,-622.2,6105.2,64.3,-614.4,6194.7,159.0,-457.0,6042.9,126.6,-454.8,6288.5,192.2,-167.0,6003.9,52.3,-155.2,6358.0,136.5,68.3,5962.5,-48.3,43.0,6360.4,143.5,138.2,5946.3,-75.1,116.7,6376.2,113.6,180.9,5975.4,-81.9,159.1,6340.5,102.1,137.4,5958.7,-94.9,109.7,6354.5,87.9,152.6,5970.2,-85.8,128.6,6342.1
93.1,12.4,6175.7,119.4,-14.4,6097.0,64.5,-8.6,6253.4,88.8,-251.5,6164.3,-21.7,401.1,6120.3,188.8,412.9,6227.7,74.7,-509.4,6150.8,-130.0,772.6,6146.7,357.0,745.3,6211.9,-310.3,798.8,6161.4,213.5,849.9,6206.6,-296.3,818.1,6124.9,225.1,844.6,6243.1,-112.2,845.0,6156.1,405.2,803.7,6201.4,-48.1,-568.6,6124.0,-23.6,-613.2,6101.8,-35.1,-612.0,6154.4,49.9,-619.3,6097.0,32.9,-611.8,6186.4,131.2,-452.8,6034.9,95.0,-453.6,6280.4,161.5,-163.0,5997.3,29.4,-152.7,6350.5,106.6,76.0,5956.6,-70.8,44.1,6350.9,114.7,145.6,5940.8,-97.4,118.2,6367.2,86.1,188.0,5969.8,-101.5,161.1,6331.4,73.0,144.7,5953.0,-116.2,111.1,6345.0,58.5,160.1,5964.6,-105.3,130.6,6332.8
69.7,15.4,6191.2,92.3,-10.4,6112.1,43.8,-6.1,6269.0,63.9,-249.0,6178.8,-48.3,402.3,6137.3,165.6,414.1,6245.4,48.4,-508.3,6164.0,-139.4,774.1,6162.9,346.6,737.3,6228.6,-325.2,807.0,6177.0,211.0,852.7,6225.9,-308.2,825.2,6140.6,221.0,847.1,6262.3,-118.2,844.9,6171.9,401.0,790.6,6217.8,-77.0,-564.4,6137.7,-53.9,-609.4,6115.1,-63.8,-608.6,6167.6,20.7,-617.2,6110.1,6.6,-610.6,6199.5,102.6,-449.5,6048.2,73.3,-454.2,6293.9,133.0,-156.3,6012.2,3.4,-151.9,6365.4,75.1,86.2,5971.4,-93.4,45.5,6364.8,81.0,155.7,5955.1,-117.4,119.9,6381.9,50.4,199.7,5984.3,-122.7,163.8,6345.8,36.8,155.2,5967.2,-137.4,113.0,6359.2,22.8,170.6,5978.9,-126.9,133.2,6347.2
23.3,16.4,6183.4,41.3,-9.0,6104.3,-3.3,-5.3,6261.1,15.0,-247.8,6170.4,-92.2,402.9,6130.8,94.7,413.8,6239.8,-0.7,-506.6,6154.9,-150.8,774.9,6156.3,317.5,722.5,6223.4,-332.8,809.8,6170.1,207.8,853.2,6222.2,-316.7,827.8,6134.2,215.8,846.9,6258.5,-126.0,843.6,6164.5,384.4,762.5,6213.0,-125.1,-561.5,6129.7,-104.4,-606.1,6106.5,-113.3,-606.4,6158.9,-31.4,-614.7,6100.6,-45.5,-608.7,6190.0,52.3,-446.2,6039.4,25.8,-453.4,6284.5,86.3,-149.7,6003.8,-29.6,-151.5,6356.6,29.1,93.4,5962.2,-117.7,48.3,6357.7,34.9,163.9,5945.8,-137.5,122.1,6375.0,2.0,208.8,5975.4,-145.7,165.1,6338.3,-10.9,163.1,5958.6,-158.1,115.3,6351.8,-26.3,179.2,5970.3,-150.8,135.3,6339.8
-11.5,16.9,6186.8,-4.0,-9.4,6107.6,-33.2,-6.7,6264.5,-17.7,-248.8,6172.6,-129.5,403.5,6138.0,30.7,414.7,6247.3,-39.4,-507.5,6154.9,-157.9,773.2,6164.6,280.5,708.6,6230.1,-334.3,826.2,6178.9,203.9,855.9,6228.5,-321.5,842.2,6142.3,212.7,848.1,6264.2,-127.1,841.0,6172.2,353.1,737.4,6219.5,-166.9,-563.5,6129.8,-141.0,-608.0,6106.5,-151.9,-608.2,6158.6,-67.5,-615.2,6100.4,-84.1,-609.5,6189.6,13.9,-447.3,6039.9,-3.5,-453.9,6284.9,44.4,-149.6,6006.1,-46.8,-153.2,6359.9,-28.0,89.3,5965.2,-121.3,48.6,6364.3,-26.2,161.5,5948.8,-137.4,121.6,6382.9,-58.9,205.2,5978.5,-153.9,163.7,6347.3,-72.7,160.3,5962.3,-163.0,116.0,6361.6,-86.1,176.1,5974.0,-161.0,134.5,6349.6
-36.2,16.9,6210.0,-31.9,-9.8,6130.3,-52.6,-7.1,6288.3,-46.7,-250.3,6195.3,-140.9,405.8,6163.4,-23.9,416.3,6271.6,-68.4,-509.6,6176.6,-163.8,776.7,6192.0,241.5,687.6,6252.7,-338.1,843.4,6206.1,201.0,858.9,6247.9,-323.1,856.0,6170.1,208.6,850.5,6284.0,-131.0,843.9,6199.6,316.3,703.6,6241.5,-196.6,-566.9,6153.0,-171.1,-611.3,6129.0,-179.1,-611.4,6181.2,-101.4,-617.6,6121.9,-112.7,-612.2,6211.5,-17.8,-449.0,6061.1,-29.3,-455.6,6306.9,8.6,-150.2,6027.4,-60.7,-154.1,6383.3,-61.9,89.8,5987.4,-137.9,51.9,6390.2,-58.0,162.0,5970.0,-149.8,122.1,6408.5,-87.0,206.6,6000.4,-164.7,164.0,6373.1,-101.5,161.5,5984.1,-173.7,117.0,6387.5,-114.3,177.2,5995.8,-173.2,134.9,6375.7
-44.4,16.7,6225.9,-41.4,-10.2,6145.8,-58.2,-7.3,6304.6,-55.7,-251.3,6210.8,-145.4,407.5,6181.3,-35.9,417.4,6288.5,-77.9,-511.1,6191.1,-166.3,779.3,6211.9,225.5,678.6,6268.8,-339.8,855.1,6225.8,198.9,860.9,6260.8,-323.9,865.7,6190.3,205.7,852.1,6297.3,-132.4,846.2,6219.0,299.3,690.9,6257.3,-206.3,-569.0,6168.8,-180.8,-613.4,6144.2,-188.1,-613.3,6196.4,-112.3,-619.1,6136.2,-122.2,-613.8,6226.0,-27.9,-450.2,6075.2,-37.6,-456.9,6321.4,-2.8,-150.7,6041.8,-65.4,-155.5,6399.0,-72.8,90.2,6002.8,-144.8,54.4,6408.2,-68.5,162.3,5984.5,-155.6,122.3,6426.2,-96.4,207.6,6015.4,-169.9,164.1,6391.0,-111.1,162.4,5999.0,-178.8,117.6,6405.7,-123.9,178.0,6010.7,-178.9,135.1,6394.0
-61.0,16.1,6228.2,-60.5,-10.9,6148.1,-64.5,-7.9,6307.2,-72.8,-251.6,6213.1,-153.5,409.8,6185.8,-75.6,417.5,6291.5,-96.7,-511.4,6193.0,-162.0,779.3,6215.5,199.1,669.9,6266.5,-342.7,862.8,6230.6,189.6,860.2,6257.4,-324.4,874.0,6195.5,199.5,851.3,6293.2,-131.6,846.4,6222.5,275.9,674.9,6254.7,-225.8,-569.4,6171.5,-200.8,-613.9,6146.6,-208.8,-614.2,6198.7,-129.5,-619.5,6138.1,-140.4,-614.5,6227.6,-50.6,-450.5,6077.2,-51.1,-458.1,6323.1,-32.0,-152.0,6044.0,-64.8,-158.3,6400.9,-104.0,88.9,6005.5,-139.0,53.5,6413.4,-100.2,160.7,5986.9,-147.4,121.8,6431.6,-126.0,205.8,6018.9,-162.2,163.6,6395.1,-145.6,160.4,6002.0,-172.9,116.9,6411.5,-156.2,176.0,6013.7,-173.8,134.6,6399.8
-78.6,15.4,6224.7,-77.4,-11.5,6144.6,-79.0,-11.0,6303.8,-91.5,-252.3,6209.4,-165.4,409.3,6183.5,-118.5,416.2,6288.7,-115.9,-512.4,6189.0,-155.5,778.7,6213.3,150.2,663.7,6259.5,-344.2,868.2,6229.3,150.5,857.9,6249.3,-323.2,881.1,6195.0,158.1,847.0,6283.9,-128.8,845.3,6219.2,231.5,667.1,6247.9,-247.1,-569.8,6168.3,-223.1,-613.9,6143.3,-230.7,-614.8,6195.2,-152.8,-619.4,6134.2,-162.5,-615.6,6223.6,-71.9,-450.7,6073.3,-70.3,-461.4,6318.8,-61.3,-152.8,6040.9,-76.7,-162.3,6396.6,-138.1,88.3,6002.6,-146.6,52.3,6411.4,-136.1,159.9,5983.9,-152.7,117.3,6430.0,-161.9,205.1,6016.2,-168.3,155.3,6392.9,-180.9,158.6,5999.1,-178.5,114.7,6410.5,-190.1,173.9,6010.6,-180.8,128.8,6399.0
-100.4,13.2,6246.8,-97.6,-13.5,6166.5,-97.7,-14.8,6326.0,-114.0,-255.5,6230.8,-181.6,411.2,6208.5,-146.1,415.7,6313.2,-138.6,-517.3,6209.8,-160.4,782.4,6238.9,110.6,660.7,6282.6,-343.1,872.4,6256.6,87.4,856.1,6272.3,-325.3,884.2,6222.0,96.7,843.1,6307.0,-129.1,848.6,6242.5,185.5,669.2,6270.6,-270.4,-573.4,6189.7,-248.2,-617.1,6164.3,-255.4,-619.3,6216.2,-179.0,-621.9,6154.8,-188.2,-620.0,6244.4,-98.3,-452.7,6093.8,-98.3,-468.4,6339.7,-90.0,-154.7,6062.3,-114.6,-169.6,6418.4,-177.4,83.9,6024.1,-177.0,49.0,6435.1,-178.0,155.0,6005.6,-179.3,108.0,6454.6,-203.0,200.5,6038.5,-194.5,144.1,6416.9,-221.7,151.8,6021.1,-204.6,108.1,6435.1,-228.5,166.3,6032.5,-207.6,119.6,6423.6
-122.8,9.4,6250.5,-119.1,-16.2,6170.3,-114.7,-17.6,6329.7,-135.8,-259.2,6234.3,-199.2,411.2,6214.6,-180.0,412.8,6318.4,-159.6,-521.3,6213.1,-159.1,782.4,6245.0,42.2,665.8,6286.2,-337.8,875.0,6264.0,-7.5,851.6,6275.6,-320.9,886.1,6229.6,5.0,839.2,6310.5,-125.7,846.5,6246.4,113.0,678.1,6273.8,-295.3,-576.1,6192.9,-270.6,-619.6,6167.7,-278.0,-622.4,6219.4,-201.8,-623.6,6158.1,-210.1,-623.4,6247.6,-122.8,-454.6,6096.7,-118.5,-473.9,6342.7,-133.3,-157.5,6066.3,-129.6,-173.9,6421.2,-216.8,77.4,6029.3,-187.7,45.4,6440.2,-221.2,148.9,6010.5,-190.5,103.9,6460.4,-246.7,193.6,6044.4,-207.0,139.3,6421.9,-263.4,142.8,6027.2,-217.4,103.5,6441.0,-268.9,156.5,6038.5,-220.8,113.9,6429.5
-142.8,3.6,6246.0,-138.7,-20.8,6166.1,-129.4,-21.6,6324.9,-158.0,-264.2,6229.5,-227.5,409.0,6211.4,-213.3,405.6,6315.3,-182.8,-526.0,6208.0,-154.9,757.0,6239.8,-77.6,667.6,6281.1,-304.5,869.3,6259.6,-197.7,853.0,6271.0,-278.4,881.0,6224.4,-177.7,841.1,6306.5,-99.9,793.1,6241.6,-32.3,701.1,6268.9,-318.4,-578.4,6189.2,-298.5,-621.6,6163.9,-301.6,-625.4,6215.0,-232.8,-625.0,6153.7,-235.9,-626.4,6242.4,-147.5,-456.9,6092.5,-136.6,-479.7,6336.6,-174.2,-159.7,6062.7,-148.9,-175.7,6415.7,-256.4,73.2,6027.0,-202.3,43.4,6436.4,-258.3,144.4,6008.3,-202.7,103.4,6457.6,-281.1,187.7,6043.1,-220.5,139.4,6418.4,-299.5,137.4,6026.1,-231.3,102.9,6438.5,-302.9,150.2,6037.2,-235.0,113.5,6427.0
-162.5,-1.8,6221.0,-159.5,-26.0,6141.7,-143.8,-24.5,6299.3,-175.7,-269.0,6204.1,-232.3,401.6,6187.2,-262.5,396.7,6292.6,-203.3,-530.0,6182.0,-156.0,756.7,6212.2,-115.1,674.3,6260.6,-306.6,864.5,6233.2,-255.1,847.0,6253.0,-281.2,876.7,6197.9,-240.6,834.5,6288.9,-101.9,799.6,6212.7,-61.7,716.9,6248.5,-341.0,-578.5,6164.4,-321.2,-622.0,6138.8,-325.7,-626.1,6189.4,-254.8,-626.3,6128.5,-259.2,-628.2,6216.2,-169.1,-461.0,6067.6,-153.8,-484.0,6309.6,-202.8,-165.6,6039.0,-167.3,-180.2,6389.4,-294.6,65.3,6004.8,-220.0,40.5,6411.1,-301.5,135.1,5986.4,-219.6,101.1,6433.6,-323.9,173.9,6022.0,-238.4,134.3,6394.3,-337.0,125.5,6005.0,-246.7,100.1,6415.3,-338.5,136.9,6015.9,-251.5,109.8,6403.7
-185.7,-5.6,6211.4,-184.9,-33.2,6132.4,-164.6,-25.6,6289.4,-197.8,-273.6,6195.4,-239.9,399.0,6175.4,-297.3,390.5,6283.3,-227.9,-533.8,6174.4,-163.1,757.0,6198.0,-159.5,708.7,6252.9,-308.5,862.3,6217.1,-298.1,846.4,6246.0,-281.2,874.4,6182.0,-293.9,834.9,6282.3,-108.3,804.1,6198.6,-121.3,760.6,6241.3,-361.7,-580.6,6158.4,-343.6,-623.7,6132.6,-348.2,-628.5,6182.6,-279.2,-628.2,6121.7,-284.3,-630.5,6208.9,-190.9,-465.3,6060.6,-179.1,-486.1,6301.0,-234.7,-170.9,6030.4,-186.8,-184.1,6379.3,-327.6,56.5,5999.0,-247.8,34.9,6401.2,-337.2,125.1,5980.9,-246.2,95.5,6423.5,-358.6,160.6,6017.7,-265.9,125.5,6384.2,-369.0,114.3,6000.8,-274.7,93.3,6405.8,-370.0,124.2,6011.8,-280.0,101.9,6394.1
-211.6,-7.2,6199.4,-210.2,-36.6,6120.8,-190.9,-26.2,6277.3,-220.4,-276.1,6184.0,-244.8,397.6,6162.3,-338.6,387.7,6271.4,-250.5,-536.5,6163.8,-169.0,756.8,6185.4,-241.7,726.3,6245.2,-319.7,860.1,6202.5,-373.0,844.2,6237.1,-289.3,872.3,6167.4,-376.2,833.2,6273.5,-120.7,804.2,6186.6,-209.4,782.2,6235.2,-384.9,-582.0,6149.3,-366.2,-625.4,6123.2,-372.3,-629.6,6172.9,-299.3,-631.4,6111.9,-306.6,-632.5,6198.3,-209.2,-467.8,6050.4,-201.3,-487.1,6289.7,-263.3,-174.2,6019.4,-208.8,-185.9,6366.8,-359.4,51.4,5989.8,-272.2,30.4,6388.7,-369.4,118.7,5972.9,-273.8,91.3,6411.2,-391.5,152.6,6011.1,-297.1,118.7,6371.3,-401.5,107.5,5993.7,-304.3,87.7,6393.5,-402.5,116.8,6004.8,-310.0,95.8,6381.5
-256.8,-4.1,6231.8,-261.7,-32.4,6152.8,-241.3,-24.1,6310.1,-263.6,-273.6,6216.3,-260.5,394.6,6192.8,-388.6,388.2,6304.8,-290.3,-535.0,6196.5,-179.2,760.1,6213.5,-366.5,743.1,6284.3,-333.7,863.9,6229.9,-521.9,847.1,6276.2,-307.5,876.2,6193.8,-520.1,835.7,6313.7,-131.0,809.1,6213.9,-336.3,802.8,6274.6,-442.4,-586.7,6182.6,-417.0,-630.0,6156.4,-422.4,-634.0,6206.3,-344.7,-635.6,6143.8,-350.6,-635.0,6232.1,-263.7,-469.4,6080.8,-247.0,-485.9,6324.2,-315.3,-177.4,6050.2,-239.8,-191.0,6400.2,-420.6,45.6,6023.3,-306.4,26.9,6423.9,-431.8,115.1,6006.4,-307.5,92.2,6446.7,-452.1,151.3,6045.3,-332.6,123.9,6407.1,-463.8,103.6,6027.6,-342.8,88.3,6429.2,-465.6,114.3,6038.8,-349.2,98.8,6417.2
-292.5,-3.1,6203.8,-294.6,-31.9,6125.1,-268.7,-23.5,6281.6,-291.6,-271.9,6188.7,-272.8,394.3,6164.2,-419.0,389.6,6278.3,-319.8,-532.4,6169.3,-185.2,756.4,6181.5,-448.8,752.6,6261.0,-337.7,859.5,6197.7,-618.3,835.4,6254.4,-312.8,871.7,6162.1,-613.5,825.2,6290.9,-137.1,810.6,6180.8,-430.5,817.5,6252.9,-464.0,-582.6,6156.6,-440.0,-626.2,6130.3,-447.4,-629.7,6179.9,-369.2,-633.1,6117.2,-377.9,-632.1,6205.0,-288.0,-467.8,6054.0,-272.4,-483.8,6295.8,-345.9,-174.2,6023.6,-277.8,-186.7,6371.8,-455.4,46.2,5999.7,-349.6,28.5,6396.5,-465.5,114.1,5983.0,-352.3,92.7,6418.6,-486.1,148.3,6022.9,-376.2,123.1,6378.9,-495.3,102.0,6005.0,-384.8,88.0,6401.2,-496.7,112.1,6016.2,-391.1,98.1,6389.1
-304.4,-2.7,6190.5,-304.8,-30.8,6112.0,-278.5,-23.3,6268.0,-301.3,-271.0,6175.8,-277.6,394.3,6150.3,-428.5,390.2,6266.6,-329.8,-531.2,6156.8,-188.8,754.8,6164.6,-465.8,757.1,6252.2,-340.1,857.2,6180.7,-637.7,827.6,6246.7,-315.8,869.3,6145.5,-633.0,818.0,6282.4,-140.7,814.1,6162.8,-448.8,823.9,6245.8,-470.7,-580.8,6145.1,-447.2,-624.5,6118.7,-455.0,-627.7,6168.2,-377.3,-632.0,6105.2,-386.9,-630.7,6192.6,-296.2,-467.3,6041.7,-281.1,-482.8,6282.4,-354.9,-172.6,6011.2,-292.3,-184.8,6358.5,-464.8,46.5,5990.0,-365.7,29.3,6384.0,-474.5,113.6,5973.5,-369.2,93.0,6405.5,-495.7,146.5,6014.4,-392.3,122.5,6365.7,-504.0,101.1,5996.3,-400.2,87.8,6388.2,-505.4,110.8,6007.4,-406.4,97.6,6375.9
-321.1,-1.2,6152.9,-319.3,-26.9,6074.7,-298.3,-21.1,6230.0,-320.0,-268.9,6138.3,-286.3,393.3,6112.3,-444.9,390.2,6230.7,-346.9,-527.4,6119.5,-190.3,751.0,6124.2,-520.3,758.0,6217.8,-341.8,852.1,6141.9,-691.2,807.8,6215.8,-318.5,863.7,6106.7,-687.0,801.2,6250.0,-143.1,813.3,6121.8,-504.3,827.9,6211.1,-484.7,-576.6,6108.5,-465.8,-620.3,6082.1,-472.5,-623.4,6131.3,-396.0,-627.3,6068.4,-406.2,-626.2,6155.3,-311.2,-463.6,6005.1,-296.4,-479.2,6243.8,-372.5,-170.8,5974.5,-315.0,-183.4,6320.4,-483.9,46.5,5955.2,-386.0,30.4,6347.1,-493.6,113.8,5939.1,-388.7,93.5,6367.9,-514.7,147.3,5980.5,-410.4,123.0,6328.3,-523.4,101.4,5962.1,-418.0,88.5,6351.3,-524.3,111.5,5973.1,-424.2,98.1,6338.9
-342.4,0.7,6147.6,-340.9,-22.3,6069.3,-322.4,-17.9,6224.7,-343.1,-267.5,6133.2,-297.4,395.3,6106.2,-464.8,394.1,6226.8,-369.7,-526.6,6114.9,-192.3,750.3,6115.0,-563.4,758.1,6215.4,-345.3,851.3,6134.8,-735.7,792.5,6217.3,-323.1,862.5,6099.1,-734.2,787.0,6249.8,-144.6,814.5,6111.6,-552.3,832.0,6207.3,-507.6,-573.2,6104.9,-489.1,-618.0,6078.4,-495.9,-620.6,6127.5,-419.2,-626.4,6064.0,-428.6,-625.3,6150.8,-333.5,-462.7,6000.2,-318.6,-478.6,6238.9,-392.7,-170.1,5969.2,-337.6,-182.0,6315.2,-503.9,46.5,5951.8,-406.7,30.8,6343.4,-512.2,114.6,5935.7,-408.6,93.7,6363.8,-534.3,148.2,5977.5,-427.9,123.6,6324.4,-543.3,101.9,5959.1,-436.6,89.1,6348.3,-544.7,112.3,5970.0,-443.1,98.9,6335.8
-366.4,3.4,6127.8,-365.0,-17.9,6049.7,-352.1,-14.5,6204.7,-373.7,-264.0,6113.5,-313.0,396.1,6086.4,-483.8,396.2,6208.2,-400.3,-522.8,6095.3,-194.3,747.8,6092.0,-594.7,758.4,6198.4,-347.1,848.7,6113.4,-768.9,782.5,6206.2,-326.8,859.5,6077.4,-768.0,778.0,6236.4,-145.7,812.5,6087.5,-584.4,834.2,6189.3,-531.0,-567.3,6084.4,-511.4,-612.2,6058.3,-522.2,-614.5,6107.4,-441.9,-623.6,6044.4,-456.4,-622.1,6131.0,-358.1,-460.9,5980.9,-358.6,-476.2,6218.9,-410.2,-168.9,5949.8,-362.6,-180.6,6294.9,-518.4,47.0,5932.9,-424.2,31.6,6324.1,-525.2,115.1,5917.2,-425.6,94.0,6344.3,-550.7,148.8,5959.5,-444.2,123.4,6305.1,-560.1,102.5,5941.0,-454.2,89.1,6329.7,-563.1,112.9,5951.9,-461.0,98.9,6317.0
-395.3,7.4,6118.0,-389.5,-13.9,6040.0,-389.0,-11.2,6194.9,-407.9,-259.8,6103.9,-334.1,400.1,6077.0,-510.0,398.6,6198.9,-433.2,-518.8,6085.6,-199.3,747.2,6082.1,-610.4,758.7,6191.3,-349.6,848.6,6104.3,-787.1,788.8,6201.0,-330.2,858.3,6068.1,-790.3,782.7,6229.6,-149.0,812.5,6077.3,-601.9,836.9,6180.9,-559.4,-563.3,6075.0,-540.7,-607.8,6048.8,-550.1,-609.7,6097.6,-469.7,-619.7,6034.8,-483.3,-618.1,6120.9,-386.0,-459.3,5971.7,-396.3,-473.3,6208.9,-435.5,-167.9,5940.4,-401.5,-179.4,6284.7,-533.0,47.8,5923.5,-453.7,32.5,6314.7,-537.5,115.6,5908.0,-455.0,94.6,6335.1,-563.8,149.5,5950.7,-472.0,123.7,6295.5,-574.2,103.5,5932.2,-484.3,89.3,6320.2,-577.5,113.9,5942.8,-488.9,99.1,6307.5
-420.7,10.5,6122.7,-416.2,-11.3,6044.7,-411.5,-9.2,6199.7,-434.7,-256.5,6108.7,-363.5,403.8,6081.9,-539.5,402.2,6203.5,-460.4,-515.0,6090.1,-205.5,747.1,6086.0,-626.8,764.0,6197.2,-351.8,850.1,6108.8,-809.2,795.2,6205.6,-332.6,859.1,6072.4,-812.0,788.4,6233.9,-152.5,810.9,6080.5,-613.4,840.9,6186.6,-586.8,-560.7,6078.2,-563.5,-605.1,6052.5,-576.3,-606.2,6101.3,-493.5,-614.1,6039.2,-511.1,-613.2,6125.2,-414.1,-457.5,5976.7,-424.6,-471.0,6213.3,-466.6,-166.7,5944.9,-427.0,-178.8,6289.6,-551.7,48.6,5929.0,-477.3,33.1,6320.3,-554.6,116.1,5913.8,-476.0,95.1,6340.7,-579.3,150.0,5957.3,-492.2,124.0,6300.4,-589.1,103.8,5938.3,-504.3,89.6,6325.4,-591.4,114.2,5948.9,-507.8,99.3,6312.6
-450.4,11.8,6144.7,-445.4,-10.0,6066.4,-442.7,-7.9,6222.0,-465.8,-254.6,6130.8,-391.8,408.2,6103.5,-567.7,406.6,6225.5,-492.5,-513.8,6112.3,-213.1,748.2,6106.6,-640.3,768.9,6220.8,-353.6,853.4,6130.8,-817.5,802.3,6226.8,-334.3,862.1,6094.2,-822.4,796.1,6255.4,-156.0,811.8,6101.0,-619.0,842.5,6210.6,-622.2,-559.1,6100.6,-600.1,-603.4,6074.9,-609.4,-605.0,6123.7,-530.8,-610.5,6061.4,-545.8,-610.9,6147.3,-447.0,-457.0,5998.8,-457.6,-470.4,6235.5,-491.1,-164.5,5966.6,-458.9,-178.2,6311.8,-566.8,52.7,5951.4,-504.3,34.4,6343.4,-569.2,119.6,5936.0,-502.1,95.8,6363.6,-593.0,152.7,5979.8,-515.9,124.6,6322.9,-603.9,107.3,5960.5,-528.0,90.2,6348.5,-605.4,117.6,5970.8,-531.0,100.0,6335.6
-476.8,12.9,6156.0,-470.8,-8.5,6077.8,-473.2,-6.5,6233.5,-492.9,-253.1,6142.4,-419.7,413.5,6114.8,-595.8,409.1,6236.8,-520.1,-512.8,6123.9,-222.9,745.9,6118.5,-648.1,771.2,6234.1,-354.6,856.1,6143.5,-823.4,814.7,6237.5,-334.1,864.0,6106.7,-828.5,807.2,6266.8,-162.7,802.3,6113.9,-623.1,842.6,6224.2,-650.9,-558.9,6111.4,-626.1,-602.8,6086.0,-638.3,-604.1,6134.7,-557.4,-608.0,6073.1,-574.0,-608.7,6158.7,-476.4,-456.0,6010.4,-480.9,-470.0,6246.7,-511.8,-161.7,5978.7,-484.5,-177.0,6322.6,-576.9,56.4,5963.4,-523.4,36.8,6355.2,-579.1,124.3,5947.5,-523.3,97.5,6375.2,-602.5,157.7,5991.6,-536.2,126.8,6334.2,-615.1,112.3,5972.1,-548.0,92.0,6360.2,-617.0,122.6,5982.2,-551.0,102.0,6347.2
-504.5,12.8,6160.5,-497.2,-9.5,6082.3,-505.6,-6.3,6238.2,-521.5,-253.2,6147.1,-467.6,416.0,6118.4,-621.2,409.2,6240.6,-547.9,-512.1,6129.1,-240.7,738.5,6121.7,-652.8,772.5,6237.6,-355.0,858.1,6146.7,-826.2,826.5,6239.0,-333.9,864.8,6109.5,-831.4,817.3,6269.1,-175.6,783.3,6118.0,-624.7,842.6,6228.1,-679.7,-557.6,6116.2,-657.4,-601.6,6091.1,-668.3,-602.6,6139.8,-590.9,-606.3,6078.5,-606.7,-606.7,6163.8,-502.5,-455.6,6015.5,-508.9,-469.5,6251.6,-532.1,-160.5,5983.4,-517.9,-177.0,6327.0,-584.3,60.0,5967.5,-548.5,37.7,6360.7,-582.8,127.3,5951.2,-546.6,98.7,6379.8,-603.0,161.5,5994.7,-557.2,128.6,6338.2,-617.6,117.4,5975.1,-571.0,93.5,6364.6,-619.2,128.0,5985.1,-572.1,103.7,6351.4
-529.9,13.8,6145.9,-525.7,-9.5,6067.8,-537.2,-7.2,6223.2,-551.6,-252.7,6131.4,-521.5,418.3,6103.7,-637.7,409.1,6227.9,-586.4,-510.1,6111.3,-273.0,723.7,6106.3,-652.0,770.4,6227.7,-355.0,859.8,6132.8,-819.3,838.8,6230.6,-333.9,865.3,6095.7,-823.3,829.0,6261.1,-198.9,749.7,6104.3,-620.7,839.1,6218.2,-716.2,-556.8,6098.0,-692.3,-601.0,6073.2,-704.6,-602.0,6121.7,-622.3,-605.4,6060.7,-641.3,-605.3,6145.8,-536.4,-453.8,5998.6,-549.5,-466.6,6234.1,-537.4,-154.8,5968.6,-542.4,-176.8,6310.7,-593.2,73.8,5952.7,-577.4,43.2,6345.4,-586.6,144.8,5936.5,-576.2,104.4,6365.2,-603.8,182.3,5979.3,-584.2,138.0,6323.2,-623.3,140.7,5960.5,-601.7,101.1,6349.3,-623.8,153.6,5970.6,-601.0,112.3,6336.5
-579.9,12.4,6172.0,-575.6,-10.5,6093.5,-580.8,-7.7,6249.8,-600.7,-254.9,6157.7,-625.3,420.1,6129.5,-658.3,412.1,6254.8,-633.8,-512.5,6137.8,-340.0,699.9,6127.4,-658.0,772.7,6252.2,-373.6,863.5,6152.3,-828.6,845.6,6256.1,-350.9,867.2,6114.2,-830.0,837.7,6287.5,-267.3,708.6,6125.8,-625.3,841.7,6242.0,-763.3,-557.7,6124.5,-742.6,-602.8,6099.9,-755.0,-603.1,6148.5,-670.0,-608.8,6087.2,-690.1,-608.1,6172.5,-583.8,-455.7,6024.7,-597.5,-468.4,6261.0,-574.2,-158.1,5994.3,-588.1,-178.1,6337.3,-620.4,70.2,5976.7,-635.7,40.8,6371.9,-612.5,140.5,5959.7,-635.4,102.4,6393.5,-632.5,178.9,6002.0,-645.0,135.1,6351.5,-654.4,136.2,5983.4,-663.3,98.7,6377.3,-659.4,149.7,5993.5,-664.1,109.6,6364.8
-612.0,12.0,6190.2,-608.8,-12.4,6111.6,-610.5,-9.4,6268.5,-630.9,-256.2,6176.2,-679.0,422.1,6146.5,-689.8,416.2,6272.4,-661.1,-514.1,6156.8,-397.9,685.7,6142.6,-662.8,774.4,6267.6,-421.6,864.3,6164.3,-835.3,850.3,6272.9,-396.7,868.4,6126.3,-835.3,843.0,6305.2,-328.7,691.1,6141.8,-627.9,843.6,6257.9,-795.8,-557.9,6143.8,-774.7,-604.1,6119.0,-787.2,-604.0,6167.7,-703.1,-610.9,6106.2,-723.0,-609.9,6191.8,-613.3,-457.1,6043.3,-625.9,-469.8,6280.0,-606.1,-159.7,6012.5,-613.2,-178.8,6356.2,-650.1,68.0,5993.1,-664.6,40.3,6390.1,-639.2,138.2,5975.2,-665.3,101.8,6412.9,-660.0,176.9,6017.2,-673.7,134.8,6370.6,-683.7,133.5,5999.0,-690.5,98.4,6396.6,-689.7,147.2,6008.9,-691.6,109.3,6384.2
-624.1,10.7,6207.8,-621.4,-15.4,6129.0,-621.8,-11.8,6286.4,-642.2,-257.0,6194.2,-694.8,423.7,6162.7,-702.3,419.2,6289.4,-671.5,-515.7,6175.1,-417.5,679.3,6157.3,-665.7,776.2,6282.4,-446.1,865.4,6175.8,-839.5,853.7,6288.9,-420.5,868.8,6138.1,-839.1,846.9,6322.0,-350.2,684.8,6157.3,-629.7,845.3,6273.3,-807.7,-558.6,6162.4,-786.5,-605.5,6137.5,-798.6,-605.2,6186.2,-715.2,-612.8,6124.7,-734.8,-611.7,6210.4,-623.9,-458.5,6061.3,-636.2,-471.2,6298.3,-618.6,-160.8,6030.1,-623.3,-179.4,6374.4,-662.6,67.2,6009.1,-674.6,39.5,6407.7,-651.2,137.5,5990.4,-675.3,100.1,6431.3,-672.7,175.8,6032.0,-683.7,133.6,6388.7,-696.3,132.1,6014.1,-699.6,97.3,6414.9,-702.4,145.8,6024.0,-701.1,108.2,6402.7
-642.9,9.9,6195.6,-637.5,-16.5,6117.0,-640.5,-12.7,6274.0,-661.0,-256.8,6182.4,-732.2,422.3,6149.5,-715.8,418.2,6277.9,-690.2,-515.0,6163.5,-458.8,677.0,6142.0,-668.3,775.9,6267.3,-506.1,863.1,6158.3,-837.5,853.6,6275.8,-478.5,865.4,6120.4,-835.5,847.2,6309.7,-391.6,687.5,6141.3,-631.4,843.4,6259.6,-825.5,-557.8,6151.7,-807.9,-604.5,6126.8,-816.8,-604.4,6175.2,-737.4,-612.1,6113.5,-752.2,-611.1,6198.8,-640.4,-457.5,6049.9,-652.5,-470.1,6286.2,-629.8,-161.4,6018.8,-643.6,-178.9,6361.8,-678.3,67.0,5996.1,-699.6,39.4,6395.1,-670.4,137.3,5977.3,-702.3,99.8,6419.2,-695.2,176.9,6018.6,-712.2,133.5,6376.6,-715.9,132.4,6000.4,-728.4,97.3,6403.1,-722.8,146.6,6010.3,-730.7,108.2,6391.0
-660.2,9.0,6192.1,-653.7,-17.2,6113.7,-655.3,-13.5,6270.4,-678.7,-257.1,6178.7,-781.7,421.0,6145.7,-725.8,416.5,6275.8,-706.9,-515.0,6159.6,-527.1,676.8,6139.9,-672.5,774.6,6262.8,-594.8,862.2,6154.2,-835.9,854.7,6272.8,-564.1,861.5,6116.4,-834.1,848.4,6307.3,-465.0,693.4,6139.9,-631.4,836.8,6255.4,-841.4,-557.5,6148.2,-825.7,-604.3,6123.1,-834.1,-604.4,6171.5,-758.5,-612.0,6109.6,-771.8,-611.1,6194.7,-659.4,-457.2,6046.1,-666.7,-470.1,6282.2,-655.0,-161.5,6015.9,-664.2,-178.5,6357.6,-702.7,67.9,5991.9,-716.4,39.1,6391.1,-697.2,138.2,5972.5,-719.8,99.2,6416.4,-726.1,180.0,6013.7,-730.3,133.3,6373.9,-744.9,133.9,5995.2,-748.1,96.9,6400.2,-751.7,148.6,6005.1,-750.1,107.9,6388.3
-683.3,6.9,6221.4,-676.4,-21.1,6142.5,-681.3,-15.7,6300.2,-703.4,-260.2,6208.0,-820.1,419.1,6172.9,-740.8,416.2,6304.9,-733.7,-517.8,6188.6,-604.0,684.3,6168.6,-680.9,771.8,6288.5,-701.2,865.5,6180.7,-835.8,859.0,6299.8,-663.8,863.9,6142.1,-835.2,852.3,6334.7,-546.3,705.7,6168.5,-635.8,819.5,6281.2,-869.2,-560.8,6178.3,-852.7,-607.6,6152.6,-860.1,-607.8,6201.2,-784.7,-615.0,6138.3,-796.1,-614.1,6223.9,-682.0,-459.6,6074.3,-693.1,-472.6,6312.0,-680.3,-164.5,6044.0,-699.2,-180.4,6388.2,-732.3,67.0,6018.4,-747.4,35.4,6421.4,-730.3,138.3,5998.6,-749.0,95.0,6447.5,-762.2,179.1,6040.0,-760.4,129.4,6404.7,-777.6,133.4,6021.6,-776.2,92.4,6430.9,-786.5,147.6,6031.5,-778.2,103.9,6419.2
-703.0,4.8,6242.3,-699.2,-24.4,6163.1,-692.5,-17.3,6321.3,-721.6,-263.8,6228.8,-863.0,417.1,6193.4,-742.8,416.1,6325.3,-755.6,-521.2,6209.8,-673.3,692.0,6190.8,-682.4,772.3,6307.2,-804.9,868.3,6205.6,-835.7,863.2,6319.3,-776.7,868.4,6166.2,-835.5,855.8,6354.6,-619.5,734.2,6190.9,-637.6,822.4,6299.0,-892.7,-563.2,6200.8,-875.9,-609.9,6174.6,-882.8,-610.6,6223.3,-810.9,-617.4,6159.6,-821.6,-617.1,6245.3,-706.4,-461.5,6094.7,-711.4,-475.0,6333.8,-707.9,-167.9,6063.8,-714.6,-181.8,6410.2,-767.7,65.5,6037.4,-766.9,33.2,6443.1,-768.2,137.2,6018.2,-767.9,93.3,6469.4,-797.7,179.2,6059.5,-780.1,127.6,6426.1,-812.6,133.3,6041.4,-794.4,91.1,6452.9,-818.7,147.8,6051.3,-797.5,102.5,6441.3
-727.9,3.8,6247.4,-726.4,-26.6,6168.2,-713.0,-18.1,6326.5,-743.2,-266.1,6233.8,-896.2,412.0,6198.4,-752.9,414.8,6330.5,-779.2,-523.6,6214.9,-752.5,708.1,6194.0,-683.8,770.6,6309.7,-893.8,869.3,6210.9,-837.8,863.8,6322.8,-873.8,869.7,6171.9,-835.9,856.0,6359.1,-703.2,761.5,6195.2,-639.4,825.8,6300.6,-919.9,-564.0,6208.2,-906.0,-610.8,6181.2,-909.8,-612.2,6229.8,-838.6,-618.4,6164.8,-845.7,-619.1,6250.7,-728.3,-462.7,6099.2,-732.2,-476.7,6339.3,-732.7,-171.8,6068.2,-726.5,-183.2,6415.9,-795.4,63.6,6041.6,-779.9,30.5,6448.3,-799.7,135.4,6022.3,-781.8,91.1,6475.0,-829.7,178.4,6064.1,-793.7,124.9,6431.6,-842.6,132.0,6046.0,-807.1,89.1,6458.8,-848.3,146.2,6055.9,-810.8,100.5,6447.3
-755.7,3.9,6257.3,-755.2,-26.2,6178.2,-739.1,-17.8,6336.3,-769.3,-267.6,6243.5,-924.3,409.7,6208.7,-763.5,414.8,6339.5,-803.3,-525.9,6225.0,-834.9,729.4,6200.6,-686.2,770.4,6316.0,-991.1,870.9,6222.2,-838.4,864.7,6332.6,-985.2,871.5,6183.6,-833.0,857.2,6368.9,-793.9,791.9,6201.9,-642.6,828.1,6305.7,-942.6,-565.2,6219.3,-927.7,-612.1,6192.0,-934.4,-614.1,6240.7,-860.4,-619.8,6175.0,-871.2,-620.9,6260.9,-751.4,-464.0,6108.8,-756.7,-478.5,6350.0,-756.3,-173.2,6077.6,-750.6,-183.4,6425.3,-830.1,62.4,6050.0,-805.1,31.2,6458.5,-836.1,134.3,6031.0,-806.2,91.9,6485.3,-866.5,177.7,6073.2,-819.2,125.1,6442.2,-878.2,131.0,6055.2,-834.2,89.8,6469.5,-884.3,144.8,6065.2,-837.8,101.2,6457.9
-776.0,4.4,6241.6,-774.4,-25.3,6162.8,-759.2,-17.2,6320.3,-789.7,-266.9,6227.8,-948.0,407.4,6193.8,-770.1,413.5,6321.9,-822.0,-525.2,6210.3,-913.4,751.7,6186.9,-684.6,767.6,6295.6,-1084.9,866.4,6208.0,-838.3,862.5,6313.1,-1077.2,869.6,6169.9,-831.0,856.3,6350.5,-882.9,820.3,6186.4,-642.5,826.1,6283.7,-964.9,-564.0,6206.3,-950.2,-610.8,6178.6,-955.0,-613.1,6227.1,-879.2,-618.8,6160.6,-888.6,-620.1,6246.4,-769.9,-462.9,6093.8,-775.9,-477.4,6335.1,-776.6,-173.2,6062.3,-776.1,-182.6,6409.0,-857.4,61.5,6033.3,-831.5,31.1,6442.2,-862.5,132.6,6014.9,-830.5,92.2,6469.0,-893.0,175.8,6057.4,-845.2,125.0,6425.7,-906.3,129.1,6039.5,-861.5,90.2,6453.1,-912.0,142.7,6049.6,-863.7,101.6,6441.5
-799.2,4.9,6206.4,-800.0,-24.3,6127.9,-775.6,-16.8,6284.7,-808.7,-266.9,6192.9,-964.6,407.4,6159.9,-778.3,411.7,6284.8,-840.5,-523.6,6176.1,-983.2,763.2,6152.8,-682.3,764.1,6258.9,-1165.7,856.7,6178.6,-836.0,860.0,6277.5,-1158.3,864.0,6140.3,-825.7,854.4,6314.9,-960.1,833.7,6151.7,-640.9,821.2,6245.0,-980.9,-561.1,6173.8,-962.6,-607.7,6146.0,-969.3,-609.9,6194.2,-893.0,-616.0,6127.1,-904.1,-617.0,6212.3,-792.1,-462.2,6060.2,-793.6,-475.4,6300.3,-806.1,-170.7,6027.3,-789.9,-181.4,6373.5,-892.9,63.9,6000.9,-852.4,31.9,6407.6,-893.0,133.2,5982.6,-855.6,93.8,6433.2,-915.5,176.3,6024.8,-872.6,127.9,6389.5,-931.5,130.9,6007.3,-887.9,93.2,6416.6,-934.3,143.1,6017.3,-890.0,105.1,6405.2
-817.1,5.0,6182.5,-816.6,-23.9,6104.2,-786.7,-16.6,6260.3,-822.9,-265.2,6169.5,-976.5,406.6,6136.6,-781.1,410.0,6257.3,-854.6,-521.2,6153.6,-1052.5,768.4,6129.6,-680.5,760.9,6229.5,-1245.3,835.8,6156.8,-836.8,857.6,6248.6,-1233.4,849.3,6118.6,-822.3,852.2,6285.5,-1031.3,841.2,6128.5,-638.7,818.1,6213.5,-996.3,-558.1,6152.5,-979.9,-604.5,6124.5,-986.1,-607.3,6172.7,-912.3,-613.5,6105.0,-924.1,-614.4,6190.0,-808.7,-459.9,6037.9,-808.7,-473.5,6277.2,-827.5,-168.2,6003.4,-802.7,-178.5,6348.9,-912.4,69.7,5979.0,-862.0,43.5,6384.2,-916.4,137.0,5960.5,-866.4,106.6,6408.6,-938.0,180.5,6003.5,-885.2,141.1,6365.1,-950.0,135.0,5985.5,-896.7,106.4,6392.9,-951.9,146.4,5995.4,-900.2,117.8,6381.4
-844.2,5.7,6138.3,-845.6,-20.3,6060.5,-809.3,-15.5,6215.4,-847.6,-262.7,6125.3,-1003.8,403.8,6093.9,-794.0,406.9,6209.0,-880.0,-516.9,6109.8,-1124.1,760.4,6089.1,-677.2,754.7,6178.0,-1328.0,799.5,6120.3,-833.7,851.7,6198.4,-1311.8,822.4,6081.5,-818.5,846.9,6234.3,-1116.6,835.7,6088.5,-634.5,812.1,6160.8,-1026.2,-550.2,6108.7,-1011.1,-596.4,6080.5,-1018.9,-600.2,6128.7,-945.1,-608.9,6061.1,-957.8,-609.7,6145.9,-841.1,-456.1,5994.3,-825.1,-470.4,6232.6,-867.8,-156.9,5959.5,-835.0,-171.8,6304.0,-950.0,86.3,5937.3,-894.0,55.8,6339.8,-951.2,153.4,5918.5,-895.9,120.0,6363.0,-973.1,199.0,5961.8,-910.3,155.4,6320.2,-986.4,152.1,5943.7,-923.8,119.6,6348.6,-989.8,163.4,5953.7,-927.4,131.3,6337.0
-852.2,6.7,6110.6,-854.3,-15.8,6032.9,-816.5,-14.1,6187.4,-855.1,-261.3,6097.6,-1011.6,402.3,6068.1,-799.3,404.9,6177.9,-887.8,-514.4,6082.2,-1135.8,755.8,6065.2,-675.1,750.5,6143.4,-1339.4,780.6,6101.1,-832.0,847.9,6165.2,-1323.0,806.0,6061.7,-817.4,843.5,6200.2,-1129.7,832.4,6065.3,-631.7,808.5,6125.1,-1034.7,-543.5,6081.1,-1020.0,-589.6,6052.7,-1028.8,-593.8,6101.1,-954.5,-605.5,6033.3,-967.9,-606.8,6118.1,-851.0,-452.5,5966.5,-830.2,-468.5,6204.9,-879.2,-146.9,5931.2,-844.7,-165.5,6276.3,-959.5,98.8,5911.1,-903.3,64.8,6312.8,-959.2,166.2,5891.9,-904.2,129.4,6335.1,-981.1,212.7,5935.6,-916.6,164.9,6292.8,-995.4,165.2,5917.4,-931.1,128.6,6321.8,-999.3,176.9,5927.6,-934.5,140.6,6310.3
-864.7,7.7,6098.2,-867.6,-12.3,6020.5,-828.0,-12.6,6174.7,-871.3,-259.5,6085.3,-1026.2,401.2,6058.3,-811.9,403.9,6162.2,-905.6,-512.5,6070.1,-1158.2,756.5,6055.8,-674.6,748.2,6123.4,-1354.9,774.7,6095.5,-830.3,846.5,6146.3,-1340.7,799.3,6055.4,-816.1,842.2,6180.7,-1151.5,834.6,6055.6,-630.4,806.9,6103.8,-1055.8,-538.3,6070.2,-1041.6,-584.1,6041.2,-1048.8,-589.1,6089.6,-973.6,-601.8,6020.9,-984.3,-604.4,6106.0,-871.4,-449.5,5954.3,-845.7,-467.4,6192.9,-896.5,-141.7,5918.2,-860.6,-161.7,6264.1,-971.8,95.8,5900.0,-916.4,67.3,6301.1,-970.9,163.2,5880.9,-917.7,131.6,6322.5,-992.2,208.4,5925.2,-932.2,167.7,6280.6,-1007.1,160.8,5906.4,-947.2,130.9,6310.1,-1009.9,172.5,5916.6,-950.9,142.4,6298.6
-885.5,8.6,6097.8,-889.7,-9.8,6019.8,-848.2,-11.4,6174.1,-896.4,-257.3,6084.7,-1049.8,401.1,6058.8,-830.7,403.6,6159.9,-932.2,-511.0,6069.5,-1174.5,759.2,6057.7,-677.6,746.6,6116.3,-1371.0,781.7,6100.0,-829.6,846.9,6140.6,-1352.7,803.0,6058.6,-815.7,842.1,6174.4,-1165.1,837.3,6056.6,-630.8,804.9,6095.7,-1083.9,-535.2,6070.1,-1066.9,-581.2,6041.1,-1075.3,-586.1,6089.8,-999.2,-599.4,6020.4,-1010.9,-602.7,6105.8,-895.9,-446.3,5953.2,-872.7,-467.2,6192.7,-917.6,-137.7,5916.4,-883.5,-161.1,6264.2,-990.4,101.5,5900.0,-934.9,70.2,6301.9,-990.7,168.5,5880.9,-935.8,133.4,6323.5,-1008.8,214.5,5925.6,-951.5,169.0,6281.8,-1025.9,167.1,5906.7,-966.3,132.6,6311.4,-1027.9,178.4,5917.1,-970.1,144.0,6299.8
-913.4,10.1,6108.2,-917.6,-8.2,6029.9,-877.1,-10.9,6184.3,-925.7,-255.6,6094.9,-1075.8,401.9,6069.7,-857.1,402.9,6169.5,-965.1,-509.0,6079.4,-1186.1,762.4,6070.1,-686.3,740.1,6121.6,-1389.8,789.7,6110.4,-830.2,848.5,6145.5,-1366.0,809.3,6068.6,-816.8,843.0,6178.8,-1173.9,840.1,6068.0,-635.4,797.9,6099.7,-1110.9,-532.6,6080.2,-1095.6,-578.8,6051.0,-1103.8,-583.6,6099.8,-1027.6,-596.8,6030.2,-1040.7,-600.4,6115.9,-923.8,-442.8,5962.5,-911.2,-467.1,6203.0,-941.6,-137.6,5925.9,-908.6,-161.2,6274.4,-1014.2,101.0,5910.4,-959.3,69.5,6313.6,-1014.7,167.8,5890.8,-959.8,131.6,6334.7,-1034.1,214.4,5935.9,-974.9,166.8,6293.5,-1050.5,167.2,5916.7,-988.4,130.8,6323.4,-1051.5,178.6,5927.1,-992.0,141.9,6311.8
-948.2,10.9,6140.8,-954.1,-7.1,6062.0,-915.3,-11.2,6217.2,-962.0,-255.1,6127.2,-1109.4,403.8,6102.6,-894.5,403.3,6202.4,-998.9,-509.1,6110.8,-1202.5,766.7,6104.4,-702.1,735.4,6151.5,-1406.7,794.5,6140.9,-835.2,853.6,6175.2,-1381.2,815.0,6098.8,-822.3,847.5,6208.1,-1184.2,842.6,6101.8,-645.4,788.7,6128.4,-1147.1,-533.4,6112.0,-1130.9,-579.0,6082.4,-1139.7,-584.1,6131.4,-1060.9,-595.3,6061.4,-1075.5,-599.9,6147.6,-957.3,-440.4,5993.5,-946.6,-468.4,6235.4,-979.2,-134.3,5956.7,-946.4,-160.5,6307.5,-1045.7,105.7,5941.3,-996.2,69.1,6348.8,-1043.3,172.8,5921.1,-995.7,131.0,6369.9,-1064.2,220.2,5966.3,-1008.0,166.9,6328.9,-1081.0,173.0,5946.9,-1023.5,130.3,6359.1,-1083.5,185.2,5957.4,-1027.1,142.1,6347.4
-976.7,11.4,6149.3,-987.9,-5.1,6070.5,-945.0,-10.2,6225.7,-992.6,-253.3,6135.2,-1137.5,404.6,6112.1,-924.1,404.3,6210.6,-1027.0,-508.1,6117.9,-1215.3,768.8,6113.7,-716.5,726.6,6157.9,-1414.0,810.8,6148.1,-836.9,855.7,6181.9,-1390.1,828.1,6106.0,-824.8,849.0,6214.3,-1190.9,842.6,6110.1,-653.5,773.9,6133.6,-1176.3,-534.1,6119.4,-1159.8,-579.2,6089.7,-1169.2,-584.8,6138.8,-1092.7,-593.2,6068.7,-1106.3,-598.8,6154.9,-992.0,-437.4,6000.7,-974.3,-468.1,6242.8,-1011.1,-131.6,5964.3,-976.2,-158.5,6315.8,-1072.5,104.8,5949.7,-1033.8,69.9,6359.3,-1068.7,172.0,5929.0,-1035.1,131.8,6380.7,-1090.9,219.7,5974.3,-1050.2,167.6,6339.5,-1107.9,172.2,5955.2,-1066.0,130.9,6370.0,-1109.8,184.7,5965.6,-1067.7,143.1,6358.3
-1004.3,11.2,6164.3,-1014.3,-5.4,6085.3,-972.0,-10.3,6240.7,-1021.1,-253.5,6149.7,-1164.9,405.5,6128.6,-963.6,404.9,6226.5,-1057.1,-509.3,6131.7,-1224.3,771.5,6132.0,-738.3,713.6,6171.5,-1421.8,828.1,6164.0,-839.6,858.3,6194.3,-1397.4,842.4,6122.2,-828.8,851.1,6226.1,-1196.6,844.1,6127.5,-668.7,753.1,6145.5,-1207.9,-534.7,6133.5,-1194.4,-579.8,6103.5,-1202.0,-585.2,6152.7,-1127.7,-594.2,6082.5,-1138.7,-599.6,6168.7,-1027.9,-436.6,6014.5,-997.9,-468.9,6256.5,-1040.6,-131.9,5978.4,-996.6,-158.5,6330.3,-1101.7,103.1,5964.3,-1060.0,70.3,6375.9,-1099.0,170.8,5942.7,-1062.0,132.1,6397.8,-1120.9,218.9,5988.5,-1079.0,168.0,6357.2,-1137.5,171.3,5969.2,-1092.1,130.8,6387.4,-1138.1,183.8,5979.6,-1094.2,143.0,6375.7
-1027.0,10.7,6153.7,-1036.8,-6.2,6074.9,-993.3,-10.8,6229.7,-1043.2,-253.4,6138.5,-1183.6,405.0,6119.9,-1001.2,404.1,6217.0,-1082.5,-508.7,6119.7,-1227.1,770.6,6124.5,-758.8,700.5,6159.7,-1420.0,837.7,6154.9,-840.5,857.8,6182.4,-1397.5,850.2,6113.7,-829.5,849.7,6213.5,-1197.0,842.1,6118.6,-684.1,734.0,6133.4,-1235.5,-532.7,6121.8,-1220.7,-577.9,6091.8,-1230.7,-583.8,6140.8,-1153.4,-593.1,6070.7,-1167.2,-598.7,6156.7,-1057.1,-435.0,6003.3,-1015.8,-467.9,6243.7,-1069.8,-130.1,5967.0,-1017.2,-157.4,6318.5,-1131.9,104.1,5953.8,-1083.5,70.2,6366.3,-1129.2,172.3,5931.9,-1086.4,131.4,6388.7,-1151.5,220.4,5977.8,-1101.3,167.4,6348.9,-1166.5,173.4,5958.6,-1113.8,130.4,6378.7,-1168.4,186.0,5968.9,-1117.3,142.6,6367.1
-1042.4,10.2,6133.6,-1054.9,-7.0,6054.8,-1010.2,-12.6,6209.3,-1067.2,-253.3,6117.5,-1194.5,403.8,6102.9,-1042.6,402.3,6198.0,-1112.0,-507.6,6097.6,-1227.3,768.3,6111.0,-783.6,688.2,6137.1,-1419.6,840.6,6143.3,-842.7,856.3,6158.7,-1400.4,854.9,6102.6,-829.6,846.4,6189.5,-1193.4,839.7,6105.6,-705.7,709.0,6110.5,-1263.1,-531.7,6100.7,-1246.5,-577.0,6070.3,-1254.6,-582.9,6119.2,-1181.7,-592.3,6048.4,-1190.4,-597.6,6134.2,-1087.8,-434.3,5981.4,-1046.3,-466.7,6221.9,-1096.1,-119.8,5946.4,-1039.5,-156.6,6297.8,-1161.3,121.6,5933.9,-1101.8,71.9,6348.0,-1156.1,191.7,5911.9,-1109.2,133.7,6372.9,-1169.3,237.8,5957.7,-1128.7,173.2,6331.8,-1190.5,196.3,5939.2,-1141.9,134.3,6361.4,-1188.9,207.5,5949.9,-1145.8,147.2,6349.8
-1071.5,9.8,6145.8,-1084.0,-7.2,6066.8,-1033.6,-13.7,6221.0,-1092.0,-254.7,6129.1,-1205.3,406.5,6118.8,-1083.1,402.6,6214.2,-1137.8,-508.6,6108.0,-1231.6,771.3,6129.4,-823.2,674.3,6148.5,-1421.1,847.8,6163.0,-850.1,856.9,6165.9,-1402.4,861.3,6123.0,-837.8,847.0,6196.1,-1197.8,842.2,6124.4,-743.3,686.4,6120.8,-1288.4,-532.4,6111.2,-1272.9,-577.9,6080.4,-1283.4,-583.8,6129.5,-1204.0,-593.8,6058.4,-1217.7,-598.9,6144.6,-1110.3,-435.8,5991.8,-1072.0,-468.2,6232.4,-1129.1,-121.0,5957.6,-1066.3,-157.7,6309.1,-1190.4,120.2,5947.1,-1129.6,74.9,6361.9,-1182.2,188.7,5925.5,-1134.3,136.0,6386.6,-1199.3,233.8,5972.0,-1152.3,175.5,6345.7,-1218.2,191.6,5953.2,-1164.3,136.6,6375.8,-1218.5,202.5,5964.0,-1170.1,149.0,6364.1
-1091.5,8.2,6138.4,-1104.3,-7.6,6059.4,-1054.1,-15.4,6213.1,-1110.9,-256.5,6121.4,-1214.6,406.7,6115.0,-1119.1,400.7,6211.3,-1158.2,-510.0,6099.5,-1231.1,771.1,6124.9,-857.5,665.0,6142.3,-1419.4,850.2,6159.5,-878.5,854.8,6157.7,-1401.4,863.0,6119.9,-863.0,845.0,6188.1,-1197.4,841.2,6118.4,-779.1,678.7,6114.7,-1307.5,-532.3,6102.5,-1294.5,-577.5,6071.8,-1305.5,-583.3,6120.9,-1228.1,-593.1,6050.0,-1243.1,-598.2,6136.1,-1129.0,-436.0,5983.6,-1094.6,-470.5,6223.6,-1151.3,-123.7,5950.0,-1083.1,-157.9,6300.8,-1212.6,116.4,5940.6,-1153.8,73.8,6355.1,-1207.5,185.3,5919.9,-1159.5,134.6,6379.7,-1224.2,232.3,5966.9,-1179.1,173.5,6339.0,-1241.3,188.7,5948.0,-1189.7,134.8,6368.8,-1240.3,200.6,5958.7,-1196.5,146.9,6356.8
-1128.6,4.8,6151.2,-1138.0,-10.4,6071.8,-1090.1,-19.3,6225.8,-1146.0,-261.3,6133.8,-1229.7,407.4,6130.2,-1169.9,397.1,6227.0,-1193.9,-515.3,6111.6,-1233.0,774.0,6139.7,-932.0,668.1,6157.4,-1422.4,853.1,6174.7,-981.1,855.0,6171.0,-1406.0,866.4,6135.5,-964.5,844.0,6202.0,-1199.6,842.9,6131.0,-858.3,690.4,6129.4,-1344.5,-534.6,6114.9,-1332.4,-579.6,6084.1,-1340.6,-586.1,6133.4,-1266.6,-594.8,6062.2,-1281.7,-601.3,6148.7,-1165.4,-438.1,5995.6,-1127.3,-476.1,6235.6,-1192.6,-124.5,5962.0,-1121.4,-162.8,6313.8,-1264.1,110.8,5955.5,-1206.8,72.5,6367.7,-1261.4,176.7,5936.3,-1211.9,132.1,6392.0,-1279.5,214.2,5983.7,-1228.1,168.7,6351.4,-1292.9,174.4,5964.1,-1239.1,130.7,6381.3,-1292.1,183.0,5975.0,-1244.9,141.1,6369.2
-1141.1,1.5,6151.6,-1149.3,-13.8,6072.3,-1102.5,-22.6,6225.9,-1157.8,-265.1,6134.1,-1235.6,406.9,6133.1,-1184.9,393.4,6230.0,-1205.5,-519.4,6111.7,-1232.9,775.1,6142.2,-955.2,669.2,6159.8,-1422.7,853.9,6177.4,-1017.7,852.3,6171.8,-1407.3,867.6,6138.7,-1001.4,840.9,6203.3,-1199.5,842.9,6131.6,-883.5,695.3,6131.6,-1356.4,-537.2,6115.1,-1344.4,-581.8,6084.3,-1351.8,-589.0,6133.6,-1278.8,-595.8,6062.5,-1293.9,-603.7,6148.9,-1177.0,-440.2,5995.9,-1138.0,-480.2,6235.1,-1205.6,-127.6,5962.6,-1134.5,-168.3,6314.0,-1280.4,102.2,5958.6,-1224.0,67.8,6367.3,-1278.7,165.9,5941.0,-1228.8,126.6,6391.2,-1297.3,197.9,5988.5,-1243.8,159.5,6350.8,-1309.6,159.7,5968.4,-1255.0,123.3,6380.7,-1309.0,166.5,5979.4,-1260.4,131.9,6368.5
-1156.7,-2.2,6151.8,-1165.1,-18.1,6072.7,-1116.7,-26.2,6225.8,-1172.5,-268.7,6134.4,-1243.0,405.1,6135.4,-1201.7,391.1,6231.2,-1220.6,-523.5,6112.3,-1234.6,777.0,6144.3,-993.6,674.4,6161.3,-1423.2,855.1,6180.1,-1078.6,849.9,6172.2,-1408.7,868.6,6142.0,-1063.4,838.6,6204.0,-1199.6,843.0,6131.6,-924.7,701.3,6133.2,-1374.5,-539.9,6117.4,-1363.2,-584.7,6086.2,-1369.3,-592.5,6135.3,-1298.6,-598.1,6063.7,-1310.1,-607.1,6149.9,-1195.5,-443.4,5996.7,-1148.6,-484.2,6234.8,-1221.9,-135.1,5963.1,-1144.3,-171.9,6313.9,-1298.7,91.3,5959.9,-1231.7,61.8,6367.2,-1297.9,156.3,5942.9,-1236.0,120.9,6391.1,-1317.3,186.9,5990.6,-1252.3,150.9,6351.0,-1330.8,147.0,5970.6,-1262.1,116.0,6381.1,-1330.8,153.9,5981.6,-1268.6,123.6,6368.9
