429.7,121.6,6631.6,431.3,96.2,6550.5,418.3,103.6,6711.3,429.0,-134.5,6622.9,475.9,541.1,6579.9,295.0,543.3,6715.3,446.0,-383.6,6610.6,785.0,848.4,6584.6,256.6,902.9,6714.1,695.2,987.4,6613.6,76.7,946.5,6706.1,719.2,999.6,6574.7,65.4,937.6,6738.9,862.7,875.4,6586.0,285.4,976.6,6715.3,356.1,-494.8,6609.3,371.1,-520.2,6577.1,391.8,-527.8,6627.4,412.6,-481.2,6556.1,447.9,-490.6,6645.8,452.5,-313.8,6490.7,479.1,-327.1,6745.3,380.3,0.1,6448.7,408.3,-32.0,6810.5,208.6,172.4,6448.0,362.4,178.3,6847.8,171.8,230.2,6445.1,370.1,237.7,6871.1,139.1,248.6,6491.7,353.3,258.9,6826.6,144.5,202.4,6468.7,339.1,226.8,6852.4,136.1,206.9,6483.6,334.0,235.6,6838.5
394.0,130.3,6604.4,383.0,105.9,6523.5,399.4,108.0,6683.6,389.7,-131.8,6593.3,400.5,535.8,6552.1,279.5,541.7,6690.5,401.9,-383.6,6577.0,730.0,811.7,6559.2,252.3,900.0,6690.3,684.7,982.9,6590.3,65.3,959.6,6685.5,708.7,992.8,6551.3,66.4,952.7,6718.1,809.1,820.3,6560.7,289.0,973.5,6689.5,307.7,-494.7,6574.8,330.2,-519.8,6542.7,343.0,-527.6,6592.2,376.8,-481.9,6522.7,400.7,-490.9,6610.9,408.3,-311.4,6459.4,437.0,-326.3,6711.0,360.9,7.7,6421.3,402.2,-29.0,6781.0,211.1,189.8,6422.8,344.2,187.1,6820.6,184.2,248.0,6420.2,348.6,251.1,6843.9,154.2,266.3,6467.3,327.3,275.8,6799.3,153.9,223.4,6444.2,316.5,238.9,6824.6,147.1,228.3,6459.2,309.9,249.1,6810.6
364.1,131.0,6626.4,358.5,106.9,6545.1,366.4,108.1,6706.2,359.8,-132.6,6615.4,341.2,535.0,6570.9,256.8,543.6,6710.1,367.5,-385.3,6598.9,669.2,790.8,6576.8,248.6,904.0,6707.9,657.1,984.9,6608.5,65.5,973.6,6702.6,681.8,987.8,6568.3,65.4,966.0,6735.5,750.5,792.7,6580.0,285.4,975.7,6706.3,272.7,-497.3,6596.9,300.5,-522.6,6564.6,309.6,-530.0,6614.0,349.7,-484.7,6544.2,366.8,-493.0,6633.0,380.5,-313.7,6481.0,406.3,-327.9,6733.2,346.5,6.0,6441.8,381.5,-27.4,6803.2,225.6,204.7,6441.6,320.7,195.0,6842.9,207.0,266.4,6437.6,320.7,259.4,6864.9,178.4,296.5,6484.9,300.9,287.3,6819.2,172.6,250.0,6461.9,293.8,249.0,6846.0,166.1,259.5,6476.9,288.3,260.1,6831.8
332.3,129.8,6633.8,328.9,105.2,6552.3,328.6,106.8,6713.7,326.2,-133.9,6622.8,262.1,535.3,6577.7,260.1,543.4,6715.8,333.6,-386.5,6606.3,594.0,780.1,6579.8,249.4,905.5,6710.2,582.9,982.8,6613.0,64.9,981.2,6705.1,602.4,981.3,6571.7,66.2,972.7,6738.3,677.8,782.1,6581.4,284.9,975.3,6707.1,236.4,-498.2,6604.4,268.0,-523.6,6571.7,272.9,-530.9,6621.1,320.4,-485.8,6551.4,330.5,-494.2,6640.7,353.1,-315.2,6488.4,372.1,-329.2,6740.4,335.8,3.1,6448.4,338.3,-28.8,6810.5,237.9,218.9,6445.2,269.8,196.1,6849.7,221.9,284.8,6439.9,269.3,258.1,6870.9,193.0,324.8,6486.2,252.1,289.1,6825.1,188.5,280.0,6464.0,244.4,250.9,6852.4,181.3,293.7,6478.9,239.7,262.4,6838.2
326.8,130.6,6711.8,324.1,105.4,6629.4,320.8,107.7,6792.8,319.8,-135.9,6700.7,236.9,542.0,6655.7,274.6,548.9,6792.9,327.1,-391.8,6683.8,385.5,815.4,6663.2,346.4,892.3,6781.6,376.5,988.6,6693.9,130.8,991.7,6777.9,454.2,990.2,6651.8,152.6,981.7,6810.7,489.0,829.5,6662.1,441.0,919.7,6777.9,227.9,-505.5,6682.1,261.0,-531.0,6648.6,265.1,-537.9,6698.6,314.7,-492.9,6628.2,323.2,-500.5,6718.9,348.5,-319.3,6564.7,365.6,-333.9,6819.3,335.9,1.8,6523.6,326.9,-29.8,6890.4,246.3,229.6,6517.9,256.6,198.9,6929.4,225.8,297.6,6511.2,256.4,260.0,6950.0,200.8,342.0,6556.9,239.7,293.1,6903.6,196.2,297.5,6535.4,231.8,254.8,6931.5,189.0,312.7,6550.3,227.4,266.5,6917.2
297.8,130.1,6703.7,293.3,104.8,6621.4,286.8,105.5,6784.5,296.0,-137.8,6692.5,207.7,538.5,6646.6,250.8,547.2,6783.4,309.2,-393.8,6675.1,454.9,806.7,6652.9,335.8,893.0,6768.1,422.1,986.3,6682.9,125.1,993.7,6765.3,458.0,986.7,6640.8,145.8,983.3,6798.3,537.9,819.3,6652.3,422.0,929.9,6763.7,209.0,-506.7,6673.4,239.7,-532.6,6639.6,244.6,-538.6,6689.4,294.6,-495.2,6619.4,304.9,-501.6,6710.2,325.2,-321.4,6556.4,345.0,-336.2,6810.2,325.9,1.3,6514.9,302.3,-31.1,6881.7,249.5,234.1,6507.0,236.0,198.8,6919.6,236.4,302.2,6499.7,236.2,259.3,6939.6,218.0,347.6,6544.8,221.8,294.5,6893.3,199.6,304.5,6523.6,214.7,255.8,6921.2,191.6,319.8,6538.6,211.4,268.0,6906.9
257.3,129.2,6653.7,256.8,103.7,6572.1,240.2,104.4,6733.6,261.5,-139.0,6641.9,169.2,534.2,6597.1,204.2,542.7,6731.6,278.4,-393.8,6623.7,413.5,802.7,6604.6,298.9,887.5,6715.1,355.6,980.2,6633.9,106.4,988.5,6711.8,378.9,981.6,6592.2,117.6,978.1,6745.1,489.3,819.6,6604.5,355.8,929.6,6711.2,176.4,-504.0,6622.1,205.6,-530.7,6588.2,211.0,-535.8,6637.5,261.7,-495.2,6568.3,271.7,-500.0,6658.5,296.6,-322.1,6506.0,310.8,-336.5,6757.8,315.2,-0.1,6466.0,263.2,-32.9,6829.7,248.5,236.1,6455.4,207.9,198.5,6866.0,239.2,302.3,6448.0,205.3,258.4,6885.7,221.0,344.1,6491.7,194.2,295.9,6839.8,201.7,303.1,6470.8,187.8,257.3,6867.9,193.0,316.7,6485.5,186.6,270.2,6853.7
219.9,128.6,6636.4,216.2,102.3,6555.3,196.7,103.3,6715.8,226.8,-142.3,6624.7,152.7,533.7,6579.6,141.9,540.9,6712.8,242.8,-396.3,6606.9,328.4,802.2,6589.3,264.1,885.0,6696.2,221.8,978.3,6614.6,98.7,987.0,6689.4,248.8,980.4,6573.0,102.1,976.9,6724.3,390.4,825.5,6591.6,308.3,929.4,6692.4,141.9,-506.1,6605.4,173.9,-532.7,6571.3,177.5,-536.9,6620.7,228.5,-498.5,6551.4,236.5,-502.0,6641.9,270.8,-325.8,6488.9,269.9,-339.3,6740.7,298.3,-5.3,6449.1,219.5,-37.7,6811.9,250.0,230.5,6434.7,191.4,197.0,6847.2,259.3,294.9,6426.4,186.3,256.6,6866.5,246.2,335.0,6470.2,175.7,292.2,6822.2,223.1,294.3,6449.5,170.2,254.6,6849.1,213.3,308.1,6464.2,168.7,267.1,6835.1
191.7,128.3,6618.5,189.1,101.7,6537.7,166.2,103.2,6697.5,198.1,-143.6,6606.3,131.5,532.7,6563.4,103.7,537.8,6694.7,214.7,-397.9,6588.0,248.0,841.9,6574.3,250.9,884.9,6678.2,95.3,976.2,6599.6,96.3,982.0,6672.2,116.4,978.8,6558.5,99.4,972.2,6707.5,294.0,898.3,6575.4,287.8,934.3,6675.1,120.2,-506.0,6586.3,147.1,-533.0,6552.3,152.8,-537.2,6601.5,199.2,-499.7,6532.8,211.7,-503.2,6622.9,242.7,-327.9,6470.5,236.7,-340.7,6721.6,280.2,-9.2,6431.1,183.9,-42.0,6793.4,252.5,227.4,6413.3,161.8,195.6,6828.0,270.9,290.8,6404.0,155.3,255.3,6847.1,260.5,330.5,6447.6,140.7,290.0,6805.0,236.8,290.2,6427.4,137.4,252.5,6830.3,226.9,304.2,6442.2,136.1,264.7,6816.6
160.9,127.4,6555.1,162.0,100.9,6475.4,133.8,102.5,6633.1,164.3,-142.2,6543.3,83.7,527.2,6500.0,113.1,531.8,6630.0,182.6,-395.0,6525.9,164.0,864.4,6509.0,236.0,881.5,6611.7,-11.1,967.7,6535.5,73.8,970.6,6609.2,5.1,974.4,6494.8,80.5,960.9,6644.8,202.0,933.1,6509.3,274.8,940.7,6608.2,92.1,-501.5,6523.8,115.8,-528.6,6490.5,122.7,-533.2,6539.1,166.0,-495.8,6471.4,182.5,-500.0,6560.4,214.9,-326.6,6409.5,200.3,-338.5,6658.1,256.3,-10.6,6370.4,141.0,-39.7,6728.9,250.7,224.9,6349.6,128.2,193.7,6760.8,268.7,287.3,6340.7,121.4,252.8,6779.6,259.5,326.1,6383.5,109.2,287.2,6739.8,237.4,286.6,6363.1,105.3,250.1,6763.1,227.8,300.4,6377.8,106.4,262.4,6750.1
104.7,129.1,6498.4,119.7,102.0,6419.7,72.5,106.6,6575.6,105.4,-139.7,6486.6,14.8,523.9,6447.2,108.4,527.6,6570.0,122.7,-390.1,6469.7,-45.6,878.5,6455.8,227.0,876.2,6553.4,-228.5,952.1,6482.4,65.5,963.4,6552.7,-221.3,964.9,6442.6,77.2,954.2,6587.2,-25.5,947.9,6455.9,270.1,941.4,6547.9,31.9,-496.1,6466.6,56.3,-523.1,6434.1,63.1,-528.2,6482.2,106.4,-490.5,6415.5,122.7,-494.8,6503.5,161.0,-323.5,6354.7,133.5,-333.9,6600.8,222.3,-12.3,6316.0,71.4,-38.1,6671.4,245.7,222.1,6290.7,34.7,189.5,6702.2,258.7,283.9,6280.8,21.8,247.1,6719.6,246.8,322.6,6321.7,-1.7,281.6,6680.8,226.9,283.4,6302.8,4.4,245.6,6703.1,217.6,297.8,6317.8,3.4,258.0,6690.1
69.0,133.3,6459.2,87.4,108.7,6381.3,35.8,113.3,6535.8,70.2,-136.2,6447.3,-26.1,522.2,6411.6,100.5,525.2,6526.9,83.5,-386.9,6431.0,-153.8,878.7,6422.2,220.8,871.2,6510.3,-336.1,922.3,6449.8,59.5,957.9,6509.8,-327.5,942.4,6411.2,73.7,949.1,6543.6,-143.9,949.1,6421.8,266.4,938.7,6502.3,-0.6,-492.6,6428.1,18.3,-519.2,6396.2,33.0,-524.4,6443.7,61.6,-486.4,6377.6,88.6,-490.9,6464.1,118.3,-320.2,6316.9,95.7,-331.1,6561.3,188.4,-12.3,6279.2,29.6,-37.4,6631.9,226.6,220.2,6249.9,-15.5,183.2,6661.0,251.1,281.6,6239.5,-30.2,240.3,6678.2,238.6,320.1,6280.0,-59.2,273.9,6640.3,217.1,281.1,6261.5,-50.9,238.7,6661.8,204.6,295.9,6276.6,-52.7,251.0,6648.7
37.3,140.9,6451.5,57.7,116.5,6373.7,13.7,121.7,6527.7,41.4,-131.3,6438.7,-72.7,526.2,6407.7,92.0,530.2,6517.7,56.1,-386.1,6421.7,-240.4,879.1,6421.9,221.0,872.6,6500.3,-418.9,882.6,6454.0,55.1,956.3,6501.6,-410.5,906.4,6416.1,73.5,948.5,6534.9,-235.3,952.2,6422.1,264.2,942.8,6489.6,-22.4,-491.2,6419.9,-8.5,-518.2,6387.6,7.1,-523.2,6435.0,32.9,-485.3,6369.1,61.1,-489.9,6453.9,92.8,-319.2,6308.8,59.3,-329.6,6551.2,156.2,-10.9,6271.8,-6.4,-33.9,6625.2,196.9,220.6,6239.6,-71.6,176.4,6653.0,220.1,281.7,6229.7,-96.4,232.7,6671.7,205.8,319.6,6268.7,-130.2,264.6,6635.4,188.5,281.5,6250.3,-119.2,229.6,6655.6,175.2,295.4,6265.4,-121.4,241.7,6642.7
2.6,144.8,6377.7,27.8,120.6,6300.8,-24.5,128.3,6453.0,3.8,-124.1,6365.3,-102.6,522.5,6336.2,76.8,527.6,6440.9,15.5,-378.4,6348.9,-287.8,869.4,6350.9,218.4,864.1,6423.1,-465.2,846.3,6383.9,55.0,945.3,6423.8,-459.8,869.9,6346.6,69.2,937.9,6456.6,-287.6,943.3,6351.0,260.6,931.7,6411.8,-70.1,-482.4,6346.6,-48.1,-509.5,6314.9,-41.1,-514.7,6362.0,0.9,-478.1,6296.7,13.5,-482.5,6380.5,62.6,-315.3,6237.1,17.5,-321.9,6477.0,121.8,-10.3,6200.5,-56.8,-26.8,6550.5,160.7,219.0,6163.9,-136.8,170.7,6577.0,184.2,279.4,6153.6,-161.1,228.1,6594.3,167.1,318.5,6189.8,-192.5,259.7,6558.6,148.2,280.9,6172.1,-183.9,223.1,6578.1,133.5,296.1,6186.8,-184.7,236.4,6565.1
-28.3,150.7,6353.5,-2.1,126.7,6276.7,-59.3,136.4,6428.7,-30.3,-115.8,6341.3,-135.3,524.3,6314.8,61.3,529.7,6415.2,-18.4,-370.9,6325.2,-317.0,869.5,6329.3,216.6,861.3,6395.4,-494.5,840.6,6364.7,56.7,942.4,6395.9,-488.6,863.4,6328.2,68.1,935.7,6428.5,-310.7,944.1,6329.9,258.3,926.7,6383.2,-107.8,-475.6,6322.3,-83.2,-502.7,6291.3,-79.7,-507.7,6338.3,-30.9,-471.7,6273.5,-23.7,-476.0,6356.5,32.0,-311.8,6213.7,-18.8,-312.3,6452.9,92.5,-9.6,6177.2,-82.3,-17.5,6526.9,114.3,221.3,6136.5,-157.3,170.6,6552.3,135.8,281.7,6125.8,-182.3,227.9,6569.7,116.4,323.4,6159.5,-216.3,258.9,6534.5,97.4,286.0,6142.9,-205.7,222.2,6553.4,83.1,302.7,6157.4,-207.8,236.0,6540.5
-62.6,156.5,6306.2,-38.2,132.7,6229.9,-97.3,140.0,6381.0,-65.2,-109.3,6294.1,-155.3,525.2,6270.5,21.5,528.4,6367.7,-56.0,-362.0,6277.9,-330.9,868.0,6284.6,211.2,852.9,6344.3,-515.6,845.7,6321.5,56.6,935.9,6344.7,-506.3,868.2,6285.8,65.9,929.6,6376.8,-321.4,941.3,6285.8,254.0,916.4,6331.9,-145.8,-467.6,6274.5,-117.8,-494.1,6243.9,-117.5,-498.8,6290.9,-64.2,-463.1,6226.2,-62.9,-467.1,6308.8,-4.7,-305.3,6167.2,-54.7,-302.4,6404.8,49.9,-5.2,6131.8,-111.2,-10.3,6479.2,67.7,226.4,6088.1,-169.9,171.7,6503.4,85.7,285.7,6077.4,-197.1,228.4,6521.2,65.1,328.7,6109.0,-230.2,259.3,6486.9,47.5,292.3,6093.5,-218.9,223.4,6505.1,33.2,309.1,6107.5,-221.1,236.7,6492.2
-73.6,161.1,6315.5,-50.4,137.5,6238.9,-109.0,143.2,6390.6,-76.1,-105.7,6303.4,-164.0,529.7,6281.9,7.4,531.3,6377.2,-67.7,-358.1,6287.2,-335.0,872.3,6295.5,208.8,853.0,6350.3,-521.6,852.4,6334.1,56.6,937.5,6350.9,-511.7,874.9,6299.0,64.6,931.4,6382.8,-324.9,945.0,6297.1,252.8,916.0,6337.7,-157.8,-465.0,6283.4,-128.9,-491.2,6252.9,-129.3,-495.6,6300.2,-75.0,-459.7,6235.2,-74.9,-463.5,6318.0,-16.8,-302.0,6176.1,-65.1,-297.5,6414.3,35.8,-0.2,6141.2,-119.6,-5.7,6489.7,51.8,232.2,6094.6,-174.0,173.1,6512.9,68.1,291.1,6083.7,-201.9,229.9,6531.1,47.3,334.6,6113.8,-234.9,260.5,6497.3,30.3,298.4,6099.1,-223.2,224.4,6515.0,16.1,315.2,6112.8,-225.5,237.4,6502.2
-98.5,161.7,6316.6,-80.0,136.3,6239.9,-135.7,144.2,6392.0,-99.1,-104.5,6305.0,-176.3,530.3,6284.0,-21.9,531.1,6378.2,-92.5,-355.8,6289.2,-346.7,875.5,6296.4,204.5,850.2,6345.0,-532.7,856.4,6334.3,57.3,938.3,6346.6,-522.0,877.4,6299.3,64.4,932.4,6378.3,-330.5,947.0,6298.6,251.4,912.0,6332.0,-183.5,-462.4,6285.3,-154.9,-488.5,6254.7,-154.2,-492.6,6302.4,-101.9,-457.2,6236.9,-101.6,-460.6,6320.1,-42.4,-299.8,6177.5,-85.5,-294.8,6416.6,9.6,3.8,6142.0,-149.1,-2.4,6492.2,12.1,235.8,6093.2,-204.3,180.0,6514.0,28.0,295.1,6082.5,-223.7,239.0,6532.5,5.9,338.4,6110.8,-246.8,267.2,6499.0,-10.5,302.5,6097.4,-242.7,233.5,6516.3,-24.2,318.8,6111.0,-241.9,246.6,6503.6
-127.7,160.7,6344.0,-115.9,135.1,6266.9,-166.8,142.1,6420.1,-128.5,-106.3,6333.1,-218.2,531.8,6311.8,-40.8,531.9,6405.7,-121.8,-357.0,6317.3,-357.3,881.6,6325.2,194.8,846.2,6366.7,-547.0,873.7,6362.3,57.2,942.4,6370.2,-532.0,895.2,6327.1,64.0,936.2,6401.8,-336.4,951.8,6326.7,247.3,901.7,6353.0,-214.4,-460.9,6313.4,-187.5,-487.8,6282.6,-186.8,-491.8,6330.7,-133.3,-457.6,6264.7,-132.9,-460.9,6348.3,-74.9,-300.4,6204.7,-111.4,-296.3,6445.5,-26.8,7.4,6168.1,-166.1,-2.8,6520.5,-36.8,241.1,6118.5,-209.1,197.5,6541.9,-24.5,301.4,6108.5,-223.4,259.7,6560.3,-47.8,343.7,6136.4,-237.8,288.2,6526.2,-64.2,308.0,6123.0,-240.4,256.5,6544.0,-78.1,323.6,6136.5,-238.1,268.7,6531.1
-160.4,159.2,6369.0,-152.5,133.6,6291.2,-200.4,140.4,6445.9,-166.4,-108.3,6358.4,-251.6,532.6,6337.3,-78.8,533.5,6432.1,-158.8,-359.6,6342.5,-366.0,887.1,6351.9,175.7,835.1,6389.7,-557.8,897.7,6388.9,57.3,946.8,6394.1,-540.1,919.6,6353.7,64.1,940.1,6425.6,-341.2,956.0,6352.6,235.1,880.2,6374.4,-255.2,-463.5,6337.3,-225.2,-490.2,6306.6,-230.7,-494.5,6355.1,-167.3,-460.8,6289.4,-173.9,-463.8,6373.6,-111.0,-301.4,6229.1,-145.7,-299.4,6471.5,-70.8,8.9,6191.7,-197.7,-3.3,6546.8,-90.6,245.0,6141.4,-227.5,210.5,6568.5,-80.5,305.9,6131.6,-237.6,272.4,6587.1,-106.1,347.6,6160.0,-247.9,300.3,6552.2,-122.4,312.2,6146.5,-253.6,270.4,6570.5,-137.6,327.8,6160.1,-252.1,282.2,6557.4
-194.0,160.4,6439.3,-194.3,134.0,6360.2,-229.4,138.9,6517.3,-199.4,-110.6,6428.6,-313.5,538.4,6407.5,-115.5,536.1,6503.7,-191.4,-365.2,6412.3,-373.1,898.2,6424.8,148.4,824.4,6459.9,-567.0,925.4,6461.8,56.7,958.9,6464.2,-546.9,946.8,6426.1,63.2,951.2,6496.1,-345.2,966.8,6424.5,217.9,858.1,6444.4,-288.7,-470.6,6406.1,-258.0,-497.3,6375.4,-264.5,-502.0,6424.5,-202.3,-467.3,6358.4,-207.2,-470.7,6443.8,-147.9,-305.6,6297.5,-173.8,-304.4,6543.1,-119.8,8.5,6259.0,-228.1,-5.9,6619.1,-154.5,247.5,6209.5,-258.1,219.2,6640.7,-144.6,309.9,6199.1,-260.2,281.2,6659.4,-164.7,351.4,6228.2,-269.0,310.8,6622.8,-183.8,316.1,6214.3,-278.7,281.3,6642.5,-196.3,331.5,6228.1,-278.6,292.3,6629.2
-241.3,157.6,6440.4,-231.3,132.0,6360.8,-274.9,135.5,6518.6,-243.6,-111.9,6429.5,-347.4,538.8,6410.1,-174.8,534.5,6505.7,-231.2,-365.6,6413.2,-376.5,900.6,6432.2,108.2,801.0,6461.3,-569.2,937.4,6468.7,53.8,958.5,6464.0,-547.5,958.5,6433.1,59.0,950.4,6496.1,-346.1,967.8,6431.4,183.3,818.3,6445.5,-328.3,-471.0,6406.0,-295.3,-498.2,6375.7,-301.6,-502.6,6424.9,-239.8,-467.8,6358.7,-244.6,-471.1,6444.9,-186.2,-306.2,6297.6,-214.4,-306.7,6544.4,-160.9,8.0,6258.8,-267.5,-7.4,6620.3,-224.8,245.7,6209.9,-317.2,216.3,6641.9,-218.4,309.0,6198.7,-320.8,277.8,6660.9,-246.9,350.1,6227.9,-329.0,309.7,6623.5,-264.1,313.9,6213.9,-339.8,278.2,6643.7,-279.7,329.3,6228.0,-341.8,290.1,6630.3
-285.1,147.6,6526.8,-277.0,120.2,6446.0,-305.4,121.5,6606.1,-288.7,-122.0,6515.0,-379.0,545.9,6497.9,-281.2,539.0,6595.9,-284.2,-376.1,6497.6,-382.7,913.6,6524.6,7.4,776.4,6548.9,-577.0,959.3,6561.8,9.7,968.7,6551.4,-554.9,979.9,6526.4,12.9,958.9,6584.1,-351.2,981.5,6523.9,83.7,778.8,6532.2,-382.8,-481.2,6490.2,-353.1,-508.5,6459.5,-355.3,-513.8,6509.2,-297.1,-478.4,6442.6,-296.9,-482.3,6529.7,-246.3,-311.3,6381.1,-267.1,-317.6,6630.1,-252.1,7.0,6341.5,-316.5,-16.8,6707.4,-352.8,248.2,6295.8,-376.4,214.0,6731.2,-357.7,311.0,6283.9,-380.0,276.2,6750.2,-384.6,353.5,6315.3,-396.6,307.7,6711.0,-397.8,316.3,6300.8,-406.4,275.4,6732.7,-406.8,330.3,6315.2,-408.9,287.5,6719.1
-312.4,139.2,6534.5,-312.5,110.5,6453.2,-319.8,105.6,6613.8,-320.1,-131.3,6520.9,-408.5,545.9,6507.2,-342.1,531.5,6608.7,-321.1,-386.7,6500.7,-380.3,914.8,6537.5,-73.5,760.5,6559.8,-575.8,964.8,6581.0,-75.3,965.2,6560.5,-560.2,983.3,6545.8,-62.7,953.2,6593.0,-350.2,983.7,6536.8,7.4,767.2,6543.4,-416.2,-487.6,6493.5,-392.4,-514.8,6462.6,-392.8,-522.5,6512.4,-336.9,-486.3,6445.9,-333.4,-494.5,6532.5,-289.4,-314.4,6385.1,-303.8,-328.7,6633.5,-311.5,6.6,6347.4,-354.8,-32.6,6715.0,-436.6,240.8,6308.4,-414.3,210.0,6740.4,-457.5,305.6,6297.6,-420.1,270.4,6759.6,-486.8,341.8,6330.6,-442.3,304.2,6719.2,-490.9,300.2,6314.9,-449.7,269.0,6741.0,-497.4,310.4,6329.4,-452.7,281.2,6727.5
-336.0,124.7,6587.1,-337.9,94.0,6504.6,-319.3,92.8,6667.5,-342.7,-142.0,6573.1,-428.8,544.8,6559.5,-378.8,528.4,6666.7,-350.3,-395.7,6552.3,-384.4,922.2,6587.6,-144.5,765.9,6616.2,-578.8,974.6,6632.7,-186.1,968.1,6616.1,-565.6,994.4,6596.5,-169.6,955.4,6649.6,-351.3,990.6,6584.7,-70.3,778.3,6600.1,-446.9,-492.8,6547.4,-432.7,-521.5,6515.3,-416.3,-530.3,6565.3,-387.3,-493.0,6497.7,-360.8,-502.7,6584.7,-325.7,-320.8,6435.1,-317.6,-338.8,6686.7,-383.5,3.5,6396.9,-350.9,-34.2,6769.5,-512.0,226.8,6362.5,-429.9,207.2,6797.4,-537.6,290.8,6351.8,-443.3,265.7,6816.7,-565.8,321.6,6387.0,-463.7,297.2,6775.3,-566.9,275.5,6370.3,-469.5,260.7,6798.1,-570.6,283.5,6384.8,-473.3,270.2,6784.5
-361.9,117.5,6560.1,-363.4,86.9,6477.3,-334.2,87.6,6640.3,-367.2,-146.8,6545.7,-465.7,540.6,6531.9,-422.0,525.6,6642.7,-374.0,-399.3,6524.4,-386.7,918.6,6558.7,-223.9,771.6,6593.4,-576.2,972.6,6604.5,-299.7,959.8,6595.3,-565.5,992.2,6567.7,-285.2,947.2,6628.6,-348.6,985.9,6553.9,-157.1,791.8,6578.1,-476.0,-492.4,6521.4,-460.4,-522.2,6488.9,-443.1,-531.6,6538.4,-414.2,-494.4,6470.6,-386.9,-505.0,6557.2,-355.4,-323.4,6407.3,-334.4,-341.9,6658.6,-436.6,0.8,6369.5,-368.4,-34.8,6741.8,-572.6,212.0,6340.3,-462.0,202.3,6770.9,-597.2,272.9,6330.8,-468.3,258.1,6789.3,-622.6,298.5,6368.6,-489.9,286.2,6748.0,-625.0,253.6,6350.5,-495.1,250.8,6771.4,-626.3,260.2,6365.1,-501.9,258.5,6757.5
-384.0,112.5,6522.2,-387.7,80.8,6439.3,-350.1,84.7,6602.1,-386.4,-150.4,6507.8,-484.4,534.4,6491.6,-475.8,516.4,6608.7,-391.8,-401.8,6486.7,-387.8,911.3,6512.2,-306.7,778.4,6562.6,-572.5,968.4,6558.4,-430.1,935.5,6568.2,-560.3,988.2,6521.2,-419.0,921.8,6602.0,-344.4,978.2,6505.6,-251.0,797.5,6546.5,-492.0,-491.8,6486.2,-483.0,-522.1,6453.1,-455.4,-532.9,6501.8,-443.6,-493.7,6434.0,-403.7,-506.0,6519.6,-385.7,-324.4,6370.1,-349.9,-342.5,6620.1,-477.7,-5.8,6332.6,-388.7,-36.6,6703.4,-622.8,197.7,6309.5,-483.9,192.1,6732.7,-645.4,256.2,6300.5,-490.4,247.5,6751.2,-670.1,278.6,6340.0,-518.2,269.5,6709.6,-674.5,235.3,6320.8,-521.2,236.7,6733.2,-676.3,241.3,6335.5,-528.8,242.9,6719.3
-408.2,107.6,6524.5,-412.0,74.5,6441.5,-371.1,81.3,6604.4,-407.6,-154.7,6510.9,-475.2,532.1,6490.8,-538.8,512.1,6610.4,-418.0,-406.8,6490.6,-392.7,910.5,6508.9,-392.2,810.2,6566.9,-573.3,970.5,6553.1,-532.0,943.1,6571.7,-557.5,990.0,6515.3,-527.8,930.7,6606.3,-350.1,977.5,6501.8,-358.9,856.9,6552.3,-530.4,-495.3,6491.2,-515.0,-525.7,6457.9,-496.7,-537.2,6506.3,-470.4,-496.5,6438.4,-441.4,-509.6,6524.1,-417.7,-327.3,6373.8,-368.6,-345.5,6623.6,-513.6,-14.6,6335.6,-410.8,-40.6,6705.9,-671.1,185.3,6317.0,-512.5,179.6,6735.5,-701.5,241.8,6308.7,-521.2,234.3,6753.9,-727.1,263.7,6350.2,-546.1,250.6,6711.6,-729.3,220.8,6330.4,-547.8,220.0,6735.9,-731.9,226.5,6345.2,-556.2,224.9,6721.9
-415.9,104.7,6506.9,-419.6,70.8,6424.2,-379.0,79.4,6586.4,-414.3,-156.9,6494.0,-470.1,527.9,6470.4,-549.4,506.6,6592.5,-426.3,-408.9,6474.5,-394.8,906.7,6486.2,-406.2,839.7,6551.3,-572.3,968.6,6528.5,-549.8,943.6,6555.5,-554.5,987.5,6490.4,-545.7,931.7,6590.8,-352.9,973.8,6478.9,-376.8,894.2,6538.0,-543.1,-496.6,6475.9,-524.6,-526.9,6442.7,-510.7,-538.7,6490.6,-477.2,-497.3,6422.9,-453.8,-510.7,6508.3,-426.4,-328.5,6357.8,-374.6,-346.4,6606.5,-520.7,-21.1,6319.4,-416.8,-43.2,6687.8,-680.3,178.2,6305.0,-518.4,171.3,6717.4,-712.4,234.0,6297.4,-528.4,225.9,6735.8,-738.4,256.3,6340.6,-552.6,240.0,6693.0,-739.9,213.6,6320.2,-553.7,210.4,6717.8,-742.9,219.4,6335.0,-562.5,215.0,6703.7
-437.8,100.8,6539.9,-443.3,65.0,6456.9,-400.2,76.0,6619.8,-434.9,-160.7,6528.5,-472.9,521.1,6498.0,-579.6,499.6,6622.9,-446.1,-411.9,6510.4,-398.7,909.1,6510.3,-482.6,853.5,6584.9,-581.7,974.0,6547.0,-645.4,948.7,6585.5,-558.6,992.0,6506.7,-644.3,937.3,6622.0,-357.4,977.2,6503.4,-451.5,913.0,6572.4,-554.5,-499.0,6516.1,-546.3,-529.7,6481.7,-518.9,-541.9,6529.1,-506.6,-499.4,6460.3,-467.6,-513.7,6545.0,-456.8,-331.7,6393.0,-391.4,-347.5,6642.2,-551.9,-24.7,6352.3,-436.6,-46.4,6722.1,-719.2,173.6,6341.0,-536.2,167.0,6752.8,-748.2,229.0,6333.0,-546.6,223.1,6771.1,-776.9,252.9,6377.9,-571.1,237.9,6727.7,-777.7,209.6,6356.9,-572.7,208.1,6753.5,-781.6,215.8,6372.0,-583.7,213.1,6739.1
-466.8,101.4,6542.4,-471.2,64.7,6459.6,-428.7,76.2,6621.9,-462.8,-161.0,6531.4,-480.0,524.0,6499.4,-616.5,501.6,6626.6,-472.5,-411.9,6514.3,-399.4,908.5,6510.6,-587.9,862.3,6592.8,-581.2,975.1,6544.8,-755.0,949.3,6592.9,-557.8,991.7,6504.3,-760.1,938.1,6630.0,-358.6,977.0,6503.7,-560.8,924.0,6582.4,-578.5,-499.1,6522.3,-572.6,-529.9,6487.3,-540.9,-542.1,6534.2,-535.6,-499.5,6465.3,-490.5,-513.9,6549.2,-483.5,-332.3,6397.0,-416.4,-347.0,6645.4,-587.8,-26.3,6356.4,-466.0,-47.0,6723.4,-757.9,172.9,6351.0,-562.5,162.3,6755.1,-789.3,226.9,6343.9,-574.5,218.5,6774.5,-817.2,248.8,6390.9,-604.1,233.0,6731.3,-814.4,207.4,6368.8,-603.5,202.8,6756.9,-819.5,212.9,6384.2,-615.4,208.5,6742.6
-495.1,104.0,6521.2,-498.2,67.8,6439.2,-457.7,78.7,6599.8,-490.7,-158.7,6510.1,-489.6,524.5,6478.5,-658.5,502.7,6608.3,-503.5,-410.5,6493.5,-398.6,905.0,6489.1,-682.9,867.3,6577.6,-578.0,973.7,6524.3,-863.5,936.9,6580.7,-555.1,988.5,6484.2,-869.1,929.2,6617.5,-358.0,973.3,6481.8,-665.5,933.8,6566.5,-616.4,-497.5,6502.4,-603.0,-528.2,6467.4,-581.3,-539.7,6513.9,-559.7,-498.2,6445.0,-528.0,-511.7,6528.8,-510.0,-330.9,6377.0,-443.9,-344.9,6623.3,-620.0,-26.6,6337.1,-490.4,-46.7,6700.3,-792.9,171.8,6337.9,-574.8,160.1,6732.4,-824.4,224.6,6331.3,-588.1,215.9,6753.3,-850.7,246.9,6379.4,-619.7,230.8,6710.5,-848.8,205.9,6356.6,-618.1,200.1,6736.0,-853.7,212.0,6372.1,-629.0,206.8,6721.8
-520.1,103.8,6506.4,-525.1,67.0,6425.1,-487.5,77.5,6584.2,-520.9,-158.1,6495.9,-501.1,524.1,6463.7,-683.9,503.0,6596.9,-531.3,-408.9,6480.5,-398.3,901.5,6471.5,-772.8,867.1,6571.6,-576.3,971.1,6507.8,-949.7,907.5,6577.9,-553.6,986.0,6467.9,-955.7,903.7,6614.6,-357.7,969.6,6463.4,-762.2,936.9,6560.7,-643.9,-496.1,6491.5,-630.7,-526.9,6456.3,-608.9,-537.9,6502.3,-587.3,-496.4,6432.8,-556.6,-509.5,6516.4,-537.9,-329.7,6364.8,-475.2,-343.6,6608.7,-655.9,-25.3,6325.3,-528.2,-46.6,6683.9,-827.9,174.2,6332.4,-602.3,161.4,6717.6,-856.1,226.8,6326.2,-613.6,217.5,6739.6,-882.3,248.6,6374.9,-638.9,234.0,6696.9,-881.9,208.5,6351.5,-638.3,203.3,6722.7,-886.4,214.3,6367.0,-648.2,210.2,6708.9
-541.9,103.8,6488.3,-550.9,67.4,6407.8,-508.4,75.5,6565.0,-543.7,-157.1,6477.7,-512.3,524.6,6446.1,-706.1,502.4,6582.1,-553.5,-406.8,6463.1,-398.3,897.5,6451.7,-846.8,863.6,6561.6,-574.2,968.5,6489.2,-1026.0,859.8,6568.2,-552.1,983.4,6449.4,-1027.3,858.0,6604.5,-357.2,965.5,6443.2,-852.3,936.2,6550.5,-666.6,-494.6,6475.2,-652.3,-524.9,6439.8,-630.8,-536.1,6485.4,-610.9,-494.7,6415.6,-578.2,-507.7,6498.9,-564.3,-328.2,6348.2,-493.9,-342.3,6589.6,-681.0,-23.5,6310.5,-553.5,-48.0,6664.1,-850.8,176.5,6323.6,-632.9,158.1,6698.5,-882.1,229.5,6318.3,-641.2,215.3,6721.8,-907.9,250.8,6368.3,-665.8,232.5,6680.3,-904.7,211.0,6343.8,-668.4,201.7,6705.5,-909.5,216.6,6359.5,-680.0,208.7,6692.0
-599.2,106.8,6462.9,-604.1,69.3,6382.4,-567.6,76.4,6539.1,-592.9,-155.5,6451.0,-541.3,524.9,6420.6,-763.8,501.8,6560.0,-597.5,-404.0,6435.1,-400.4,891.0,6427.2,-933.9,863.6,6547.4,-573.0,967.6,6465.5,-1118.9,835.4,6558.5,-550.1,981.9,6425.8,-1112.7,833.5,6594.6,-356.6,957.1,6419.5,-937.5,939.5,6536.8,-696.5,-491.7,6448.2,-690.7,-522.0,6412.5,-660.0,-533.5,6457.4,-652.7,-490.2,6388.1,-611.0,-504.5,6470.0,-606.7,-324.5,6321.6,-538.9,-339.3,6560.6,-720.3,-18.2,6285.1,-588.7,-45.5,6636.7,-886.0,177.2,6304.9,-658.6,161.2,6672.6,-912.6,229.9,6301.7,-667.1,223.3,6696.1,-935.2,251.6,6351.9,-688.1,246.5,6654.6,-933.5,211.5,6326.9,-694.4,211.1,6680.2,-935.7,216.9,6342.9,-704.1,220.6,6667.0
-639.3,117.1,6454.2,-644.9,82.7,6373.5,-603.7,83.8,6530.3,-631.9,-147.6,6441.7,-556.2,528.4,6412.4,-806.7,506.0,6555.3,-635.0,-396.1,6424.9,-403.4,886.6,6419.3,-961.9,866.9,6545.1,-573.1,966.6,6458.9,-1141.0,839.7,6559.7,-549.7,981.2,6419.5,-1140.4,836.5,6594.9,-357.2,949.4,6411.5,-960.4,944.3,6536.6,-738.2,-485.5,6439.1,-727.9,-516.3,6403.0,-698.3,-527.2,6447.8,-690.8,-482.1,6378.2,-651.5,-495.6,6460.1,-640.5,-317.0,6311.3,-582.9,-330.2,6550.4,-741.6,-8.6,6276.8,-618.7,-35.6,6626.7,-896.7,190.5,6300.3,-689.4,176.3,6663.2,-917.4,245.7,6297.9,-697.7,237.0,6686.0,-942.9,269.8,6348.4,-717.2,263.0,6644.8,-944.4,228.5,6322.5,-723.1,227.4,6671.2,-947.3,235.3,6338.4,-733.2,237.0,6658.2
-676.5,129.6,6454.3,-685.3,100.6,6373.6,-639.8,96.5,6530.3,-669.4,-135.7,6441.7,-581.6,530.2,6411.6,-847.8,512.8,6557.3,-670.7,-384.0,6424.6,-408.2,880.7,6416.4,-981.9,870.9,6548.6,-573.2,967.0,6458.6,-1162.5,855.9,6566.4,-549.5,981.5,6418.5,-1166.3,851.0,6600.5,-358.8,940.1,6408.5,-973.8,948.0,6542.2,-772.1,-474.9,6439.0,-760.3,-505.7,6402.7,-733.2,-515.8,6447.8,-723.0,-470.5,6378.0,-685.0,-484.1,6459.8,-676.6,-307.0,6311.1,-619.0,-319.7,6549.9,-766.2,5.1,6277.5,-646.4,-19.4,6625.6,-906.9,210.3,6301.2,-718.3,195.1,6662.4,-923.8,268.4,6299.3,-729.4,254.5,6684.8,-947.6,297.2,6350.4,-753.7,281.4,6644.6,-952.5,253.3,6323.7,-758.8,244.7,6671.7,-954.9,262.2,6339.7,-769.5,254.0,6659.0
-711.9,138.0,6466.0,-721.4,111.5,6385.1,-680.0,106.3,6542.1,-706.3,-127.6,6453.2,-616.3,529.9,6422.4,-885.0,519.1,6570.1,-705.3,-375.1,6435.8,-416.5,874.1,6425.5,-999.8,876.9,6562.8,-574.6,969.2,6468.3,-1183.7,862.0,6584.2,-550.3,983.2,6427.7,-1189.8,856.0,6617.3,-362.3,928.6,6416.7,-983.1,953.1,6558.2,-807.3,-468.5,6450.0,-793.0,-498.7,6413.7,-770.3,-507.9,6459.1,-752.9,-463.6,6388.7,-720.4,-476.7,6471.0,-710.5,-296.8,6321.7,-654.8,-311.7,6561.2,-790.0,22.8,6288.4,-680.9,-2.1,6636.0,-913.9,234.1,6312.9,-748.7,219.6,6673.8,-928.7,292.9,6311.9,-761.3,278.8,6696.1,-952.5,320.2,6363.6,-787.3,305.3,6656.3,-957.9,277.8,6336.0,-792.4,269.2,6684.4,-960.2,286.2,6352.1,-802.1,277.8,6671.8
-742.0,141.6,6470.4,-755.1,119.7,6389.7,-711.1,113.9,6546.4,-738.8,-122.9,6457.6,-668.2,529.2,6426.1,-897.8,523.5,6574.3,-734.2,-369.9,6440.4,-431.9,859.8,6426.3,-1009.2,879.8,6566.6,-576.2,971.6,6470.8,-1197.3,889.2,6588.5,-551.1,984.4,6429.0,-1201.0,881.5,6620.3,-370.2,905.1,6415.6,-991.8,956.4,6561.6,-825.0,-464.9,6455.4,-816.9,-495.1,6418.6,-786.1,-504.7,6464.1,-783.4,-459.2,6393.5,-740.7,-472.5,6475.6,-743.5,-291.1,6325.8,-686.8,-306.4,6566.1,-811.7,28.2,6292.1,-712.5,6.3,6638.8,-916.8,247.5,6314.5,-785.7,230.9,6678.5,-928.7,309.4,6313.3,-793.8,289.9,6700.5,-952.0,338.7,6365.2,-814.5,316.7,6660.6,-960.3,295.8,6337.8,-822.6,282.0,6689.5,-962.9,304.1,6353.8,-830.9,290.4,6676.8
-789.4,142.9,6605.6,-807.9,120.2,6523.6,-756.1,116.8,6682.5,-786.4,-125.1,6592.1,-876.4,540.7,6562.9,-865.1,531.3,6710.2,-783.8,-376.5,6574.2,-842.4,878.9,6566.9,-857.4,892.5,6693.2,-1054.2,989.8,6614.1,-950.6,939.0,6715.5,-1055.5,1001.3,6572.5,-1004.0,919.2,6747.6,-627.1,920.2,6553.3,-795.7,967.8,6686.5,-880.9,-473.5,6589.8,-867.9,-504.0,6552.1,-843.0,-512.9,6598.5,-830.4,-467.9,6526.2,-794.0,-480.8,6610.0,-792.6,-296.2,6457.2,-732.8,-311.0,6702.4,-848.6,25.0,6422.3,-759.2,3.2,6775.4,-932.4,258.4,6443.0,-834.8,232.6,6818.9,-939.8,323.7,6440.3,-839.9,290.2,6841.1,-962.8,359.5,6492.9,-858.2,319.2,6799.7,-974.8,315.0,6465.8,-868.9,284.5,6829.8,-978.0,324.6,6481.9,-875.7,293.5,6816.5
-797.9,142.4,6590.5,-818.5,119.1,6509.1,-763.6,117.4,6666.7,-794.7,-124.2,6576.6,-937.8,539.9,6551.3,-846.4,528.8,6692.5,-793.0,-374.8,6558.3,-991.9,880.5,6559.3,-597.4,885.1,6664.9,-1186.2,977.0,6609.6,-672.7,984.8,6687.0,-1176.1,988.5,6569.1,-678.1,974.7,6718.4,-931.3,929.5,6547.1,-521.7,933.8,6656.6,-892.1,-471.6,6574.1,-877.5,-501.7,6536.4,-854.8,-510.1,6582.7,-838.4,-466.3,6510.4,-804.9,-478.6,6594.0,-801.7,-294.8,6441.6,-741.1,-309.0,6686.0,-853.7,23.1,6406.5,-766.7,1.7,6757.9,-928.2,260.7,6425.0,-842.9,231.0,6804.2,-933.3,327.2,6421.1,-847.0,287.2,6826.2,-955.7,365.8,6473.2,-863.8,317.0,6784.3,-969.3,321.1,6447.0,-875.5,282.9,6814.9,-972.8,331.0,6462.8,-881.8,291.9,6801.5
-828.3,141.1,6624.9,-845.3,117.4,6543.3,-796.6,116.1,6701.2,-823.1,-126.1,6611.2,-904.4,541.8,6584.3,-885.6,531.1,6726.1,-819.0,-377.7,6592.9,-814.0,857.8,6587.0,-756.3,889.9,6697.7,-1073.5,984.4,6638.0,-940.0,984.4,6719.9,-1016.8,995.6,6596.0,-920.0,977.9,6751.0,-741.0,887.9,6574.9,-720.7,945.7,6689.6,-928.3,-475.4,6608.5,-906.3,-505.5,6570.6,-891.7,-513.6,6617.2,-861.2,-470.5,6544.4,-840.1,-482.2,6628.9,-825.8,-297.6,6475.3,-769.6,-311.0,6721.1,-874.8,21.1,6439.4,-797.9,0.5,6791.9,-935.4,261.5,6455.3,-868.4,233.6,6839.7,-936.1,330.0,6450.0,-876.5,290.9,6861.4,-957.7,370.8,6502.0,-893.0,322.0,6817.9,-974.1,326.1,6476.9,-904.1,288.4,6849.5,-977.3,337.1,6492.6,-908.5,297.8,6835.8
-870.8,141.6,6684.3,-882.5,117.3,6602.3,-844.5,116.6,6761.3,-864.5,-127.7,6670.5,-905.7,544.9,6641.4,-967.7,536.3,6785.3,-854.0,-382.5,6651.4,-701.2,833.4,6637.3,-974.4,899.2,6756.7,-727.3,992.6,6689.2,-1167.0,991.0,6779.4,-695.3,1001.8,6645.1,-1163.8,986.2,6811.1,-621.5,847.4,6624.4,-943.0,956.1,6749.5,-968.3,-480.6,6666.2,-941.7,-511.0,6628.4,-934.4,-519.4,6675.1,-890.6,-476.2,6602.4,-878.4,-487.8,6687.7,-860.0,-302.0,6533.6,-805.6,-314.8,6780.5,-907.1,20.1,6497.2,-842.3,-1.7,6851.9,-955.0,260.1,6509.7,-907.9,233.2,6900.6,-947.8,329.9,6502.9,-914.3,292.3,6921.7,-966.9,372.8,6555.1,-924.8,325.2,6876.0,-988.0,327.7,6530.8,-938.0,290.5,6909.2,-990.6,340.9,6546.7,-940.6,300.9,6895.1
-899.2,140.5,6657.3,-904.6,115.7,6575.6,-876.7,114.7,6734.1,-892.4,-128.3,6643.1,-948.7,540.9,6612.7,-997.9,533.9,6756.6,-882.0,-382.1,6623.3,-663.1,802.1,6602.3,-1034.5,897.0,6726.8,-661.2,986.9,6652.7,-1223.5,985.6,6750.7,-637.5,992.0,6607.1,-1223.2,982.1,6782.7,-580.5,804.4,6588.1,-1000.5,954.0,6720.2,-998.1,-479.5,6636.8,-967.2,-509.9,6599.5,-965.8,-518.4,6646.0,-914.4,-475.0,6573.9,-909.4,-486.9,6659.3,-886.2,-301.9,6506.4,-832.2,-315.1,6751.9,-929.9,16.7,6470.1,-870.0,-2.5,6823.4,-966.9,258.0,6480.3,-932.6,230.0,6872.6,-953.0,326.6,6472.2,-936.3,289.0,6892.9,-967.7,370.7,6523.7,-942.5,322.6,6846.1,-992.8,326.3,6500.4,-957.2,287.3,6880.0,-994.4,340.1,6516.2,-959.1,298.1,6865.7
-926.2,138.0,6657.5,-929.6,113.3,6575.7,-905.5,113.7,6734.5,-921.6,-128.6,6643.3,-997.8,539.0,6610.9,-1023.2,533.8,6754.9,-912.1,-382.5,6623.9,-678.4,784.3,6595.9,-1053.5,898.8,6722.0,-696.8,982.2,6645.7,-1239.6,985.1,6747.6,-672.8,980.7,6599.7,-1238.5,981.8,6780.0,-598.6,782.2,6583.4,-1014.8,956.7,6715.5,-1027.9,-480.3,6637.3,-1000.1,-510.3,6599.9,-993.6,-518.9,6646.4,-949.3,-476.5,6574.4,-938.5,-487.3,6660.0,-916.0,-302.7,6507.1,-866.0,-315.6,6752.6,-950.6,11.5,6469.8,-906.0,-4.5,6823.4,-985.8,255.5,6478.0,-967.0,229.0,6872.6,-969.1,323.3,6468.8,-972.6,288.2,6892.0,-981.0,366.4,6520.1,-979.9,322.1,6843.6,-1008.6,321.7,6497.1,-992.5,286.2,6878.5,-1009.3,335.1,6512.9,-993.8,297.3,6864.0
-951.8,135.4,6629.6,-957.3,109.1,6548.4,-940.4,110.3,6706.1,-952.5,-131.7,6614.2,-1028.5,534.3,6582.4,-1030.0,530.7,6726.9,-940.6,-384.3,6592.9,-684.6,777.7,6565.2,-1051.9,895.3,6692.1,-746.7,974.3,6616.2,-1238.4,979.3,6719.3,-723.8,973.1,6571.4,-1234.7,975.6,6751.4,-606.8,777.9,6554.9,-1012.1,955.5,6684.5,-1047.7,-481.8,6606.6,-1027.8,-511.3,6568.9,-1014.1,-520.4,6615.1,-981.4,-479.5,6543.7,-961.5,-490.3,6627.8,-935.7,-304.9,6477.8,-900.2,-317.8,6720.7,-971.4,5.9,6442.1,-932.3,-11.6,6793.5,-1009.7,253.6,6450.4,-986.4,227.6,6844.1,-992.4,320.7,6440.6,-992.6,286.5,6863.6,-1001.9,363.6,6492.1,-1002.6,320.5,6814.3,-1029.9,319.6,6469.2,-1014.2,284.2,6849.2,-1029.9,333.4,6485.5,-1016.3,296.2,6834.7
-990.4,128.5,6610.2,-991.7,97.8,6528.9,-970.9,101.1,6686.7,-988.8,-138.5,6594.7,-1116.5,527.5,6561.6,-1066.0,527.5,6706.4,-980.5,-389.1,6572.7,-809.8,787.7,6545.9,-1051.5,892.3,6667.4,-835.7,969.5,6594.4,-1230.3,977.2,6693.0,-821.4,968.7,6551.1,-1229.0,973.0,6725.9,-740.0,799.3,6535.9,-1011.4,952.1,6659.7,-1087.9,-486.4,6585.9,-1062.6,-515.0,6548.1,-1057.5,-523.6,6594.2,-1011.3,-484.7,6522.8,-1003.2,-493.9,6607.5,-967.9,-310.7,6457.9,-946.1,-324.3,6700.7,-999.0,-4.0,6421.6,-963.8,-19.6,6772.8,-1056.3,247.9,6427.3,-1037.5,223.9,6824.7,-1046.4,316.7,6416.2,-1046.0,283.2,6843.1,-1065.7,360.8,6467.2,-1057.9,318.7,6792.9,-1089.2,317.3,6445.3,-1069.9,282.5,6828.4,-1093.9,329.9,6461.5,-1072.7,294.2,6813.7
-1030.8,122.3,6670.7,-1030.2,89.5,6588.3,-1007.5,95.0,6748.4,-1026.5,-147.2,6655.5,-1174.8,524.2,6618.8,-1096.3,525.5,6767.7,-1016.7,-399.7,6633.3,-973.2,799.1,6600.9,-1042.5,896.3,6726.0,-1096.4,976.2,6650.4,-1214.7,983.2,6750.1,-1074.6,977.6,6605.3,-1212.4,978.6,6784.9,-916.3,826.3,6592.6,-999.5,953.9,6717.5,-1127.4,-494.4,6647.0,-1104.1,-524.4,6608.6,-1095.7,-533.5,6655.2,-1054.5,-494.9,6582.7,-1042.0,-504.8,6668.5,-1004.0,-320.4,6517.1,-986.9,-336.6,6763.2,-1036.1,-10.6,6479.1,-1014.9,-27.4,6835.6,-1105.3,242.7,6482.7,-1098.6,217.7,6888.6,-1101.8,312.5,6471.0,-1105.1,277.2,6906.0,-1130.6,357.7,6522.8,-1115.9,313.9,6854.8,-1148.3,312.2,6500.6,-1131.2,277.0,6891.3,-1153.2,325.4,6516.9,-1132.9,289.4,6876.4
-1055.9,115.5,6656.8,-1055.6,82.7,6573.8,-1033.3,88.5,6735.1,-1051.1,-152.6,6641.5,-1200.0,517.6,6603.9,-1098.4,514.4,6754.5,-1042.6,-405.0,6618.8,-1040.2,832.7,6586.4,-1048.8,893.3,6711.0,-1200.3,975.3,6636.8,-1210.0,979.8,6737.2,-1181.0,978.0,6591.2,-1205.8,976.0,6772.8,-991.0,897.4,6577.4,-1013.3,950.3,6701.9,-1159.5,-497.1,6631.7,-1133.2,-528.5,6593.4,-1131.3,-537.2,6640.1,-1076.4,-500.2,6567.6,-1072.6,-509.0,6653.8,-1025.5,-326.7,6502.1,-1013.0,-343.7,6749.6,-1052.3,-14.7,6463.3,-1042.6,-35.2,6823.2,-1141.9,231.7,6466.4,-1133.6,207.1,6876.3,-1147.7,300.5,6453.8,-1140.0,264.6,6893.4,-1180.9,345.1,6506.4,-1150.2,300.3,6842.3,-1192.4,296.9,6483.5,-1166.7,263.2,6878.5,-1198.4,310.2,6499.7,-1168.7,275.0,6863.6
-1074.3,112.0,6626.2,-1072.7,78.4,6543.1,-1050.2,86.4,6705.0,-1067.2,-155.5,6611.5,-1218.1,508.2,6571.8,-1097.5,507.3,6722.7,-1055.5,-408.9,6588.8,-1110.4,860.0,6554.0,-1048.8,888.9,6678.5,-1297.9,971.1,6604.3,-1210.0,974.3,6706.0,-1280.0,974.6,6558.7,-1202.5,968.1,6741.5,-1066.4,933.9,6544.7,-1012.7,946.3,6667.7,-1169.5,-499.2,6601.8,-1146.3,-531.6,6563.8,-1137.1,-541.3,6610.2,-1094.9,-503.3,6538.2,-1079.6,-513.2,6623.7,-1039.2,-331.4,6472.1,-1030.5,-347.3,6719.9,-1066.6,-18.3,6432.1,-1064.2,-37.8,6793.4,-1169.0,220.9,6435.0,-1157.6,200.5,6846.7,-1181.7,287.5,6421.7,-1165.0,256.8,6863.3,-1217.6,330.8,6474.6,-1180.1,290.3,6812.3,-1223.1,281.9,6451.5,-1193.2,253.4,6848.3,-1229.5,294.4,6467.2,-1197.0,264.5,6833.5
-1101.5,110.8,6604.2,-1092.2,76.0,6520.9,-1086.1,85.2,6683.8,-1089.3,-157.1,6589.9,-1242.0,504.0,6550.4,-1107.9,507.1,6697.8,-1078.1,-410.2,6567.4,-1203.8,870.9,6535.8,-1052.9,885.9,6653.0,-1392.4,966.9,6584.7,-1216.8,970.8,6681.4,-1378.5,971.8,6540.0,-1205.7,965.4,6717.6,-1173.9,940.3,6526.1,-1014.8,947.5,6639.7,-1191.9,-501.4,6579.3,-1166.7,-533.5,6541.9,-1161.9,-542.9,6588.3,-1112.3,-504.7,6516.8,-1104.3,-514.5,6602.1,-1051.4,-335.9,6450.2,-1057.9,-349.1,6698.9,-1079.5,-19.6,6409.1,-1110.1,-40.8,6772.8,-1192.3,210.1,6411.7,-1204.8,190.8,6826.2,-1208.9,274.8,6398.2,-1212.7,247.8,6842.2,-1245.6,315.3,6451.4,-1226.5,280.0,6791.7,-1249.7,266.2,6428.1,-1239.5,243.1,6827.4,-1255.7,277.8,6443.4,-1243.0,253.7,6812.8
-1120.7,110.1,6571.1,-1107.5,74.7,6487.9,-1108.3,83.9,6651.0,-1107.8,-157.9,6556.9,-1266.0,502.9,6518.8,-1114.3,506.5,6661.1,-1098.9,-409.4,6534.6,-1286.5,879.3,6507.9,-1053.0,881.2,6616.5,-1479.5,953.3,6555.7,-1218.7,965.9,6645.1,-1464.9,965.8,6512.2,-1205.0,960.5,6680.4,-1260.3,946.2,6498.0,-1011.2,946.1,6601.5,-1210.3,-500.6,6545.6,-1183.9,-531.9,6508.8,-1180.5,-541.1,6555.2,-1129.5,-503.5,6484.3,-1124.5,-512.6,6569.3,-1065.2,-336.8,6417.5,-1081.0,-348.8,6666.2,-1093.1,-19.7,6375.3,-1140.7,-44.4,6740.8,-1211.6,201.1,6377.6,-1239.2,180.3,6793.3,-1230.6,262.6,6363.9,-1247.3,237.4,6808.4,-1269.7,298.8,6417.2,-1265.4,265.6,6758.1,-1270.9,250.4,6394.1,-1276.1,230.6,6793.5,-1278.8,260.4,6409.3,-1278.9,240.0,6779.0
-1126.2,109.2,6559.9,-1112.7,73.3,6476.5,-1114.2,82.7,6640.1,-1113.1,-159.0,6545.8,-1273.0,502.8,6508.6,-1118.2,506.4,6646.5,-1105.1,-409.8,6523.9,-1304.2,884.3,6501.0,-1053.6,879.4,6602.0,-1495.9,944.1,6547.6,-1220.5,964.6,6630.7,-1481.3,962.0,6505.1,-1205.7,959.6,6665.5,-1277.8,949.5,6490.8,-1009.9,947.5,6585.4,-1216.0,-500.9,6534.1,-1189.4,-531.9,6497.8,-1185.9,-540.9,6544.2,-1135.2,-503.4,6473.7,-1130.4,-512.3,6558.7,-1070.1,-338.1,6406.5,-1087.4,-349.4,6655.7,-1098.9,-20.2,6363.1,-1148.1,-46.9,6730.8,-1217.8,196.3,6365.0,-1247.8,174.6,6782.8,-1237.1,256.7,6351.1,-1256.3,232.0,6796.9,-1276.9,291.4,6404.6,-1275.3,258.7,6746.8,-1277.6,242.9,6381.6,-1285.5,224.3,6782.0,-1286.2,252.5,6396.7,-1288.0,233.3,6767.5
-1138.3,108.7,6551.7,-1124.7,71.8,6468.0,-1127.1,81.8,6632.3,-1125.5,-160.1,6537.4,-1288.8,503.6,6501.4,-1123.4,505.9,6634.4,-1120.5,-409.6,6516.2,-1361.4,886.1,6497.3,-1052.3,878.0,6589.8,-1560.0,929.8,6543.5,-1223.4,963.9,6617.4,-1545.0,950.5,6500.9,-1208.2,959.2,6651.9,-1340.9,953.6,6487.2,-1008.8,948.0,6572.3,-1231.6,-499.4,6526.0,-1205.6,-530.3,6490.1,-1203.8,-539.5,6536.7,-1150.4,-502.5,6466.2,-1148.1,-511.5,6551.4,-1083.9,-338.3,6398.4,-1103.2,-349.7,6648.5,-1113.1,-18.9,6353.7,-1166.7,-46.1,6723.2,-1238.8,198.8,6355.7,-1279.0,173.8,6775.0,-1252.2,259.0,6341.9,-1286.2,231.5,6787.9,-1288.0,293.5,6396.0,-1301.0,259.1,6737.8,-1292.8,245.9,6373.1,-1314.3,223.8,6773.4,-1300.9,255.4,6388.3,-1315.7,233.3,6759.1
-1156.1,109.8,6524.0,-1141.1,73.6,6440.7,-1150.2,83.2,6604.5,-1143.4,-158.1,6509.7,-1304.1,502.5,6476.3,-1133.9,504.9,6603.4,-1139.6,-406.5,6489.2,-1414.7,880.6,6476.4,-1048.2,874.4,6559.7,-1620.2,903.2,6521.6,-1222.1,960.7,6586.8,-1602.4,927.3,6479.8,-1207.0,956.4,6620.7,-1401.3,950.8,6467.7,-1005.2,945.4,6541.5,-1251.4,-495.9,6498.5,-1224.5,-526.7,6462.9,-1223.8,-535.6,6509.6,-1167.8,-499.3,6439.2,-1167.2,-507.9,6524.6,-1100.9,-335.4,6371.2,-1122.1,-346.9,6621.4,-1123.6,-18.1,6326.6,-1191.7,-44.2,6694.7,-1249.2,200.5,6327.6,-1321.0,173.9,6745.7,-1262.7,261.1,6314.6,-1333.5,230.9,6758.5,-1302.0,295.3,6368.9,-1354.6,258.0,6709.3,-1304.5,248.5,6345.6,-1361.2,223.4,6743.9,-1314.0,257.5,6360.8,-1364.2,233.0,6729.8
-1173.2,110.3,6520.5,-1161.0,74.4,6437.3,-1165.0,83.8,6601.0,-1164.1,-157.1,6506.0,-1320.9,503.4,6476.0,-1143.8,506.0,6597.5,-1162.4,-405.2,6485.8,-1462.2,877.4,6479.5,-1048.2,873.7,6552.8,-1668.6,882.8,6524.5,-1222.8,960.9,6580.5,-1648.4,907.5,6483.3,-1209.0,956.6,6614.0,-1458.0,949.2,6470.9,-1004.5,945.2,6533.8,-1271.6,-495.0,6494.7,-1245.5,-525.8,6459.2,-1245.9,-534.9,6506.0,-1188.3,-497.9,6435.4,-1188.7,-506.8,6521.5,-1122.3,-333.7,6367.4,-1142.7,-345.5,6618.5,-1142.9,-17.6,6322.8,-1208.1,-43.2,6690.9,-1266.0,201.8,6323.5,-1347.6,174.0,6741.8,-1282.1,262.2,6311.6,-1364.8,229.7,6754.9,-1323.0,295.3,6365.9,-1389.0,254.8,6706.5,-1324.1,249.7,6342.2,-1392.7,221.8,6740.0,-1334.2,257.9,6357.4,-1396.4,230.6,6726.2
-1186.7,112.6,6492.6,-1176.3,76.7,6409.3,-1179.9,84.7,6573.4,-1183.8,-156.0,6478.1,-1331.3,505.9,6451.2,-1154.0,509.8,6569.5,-1178.8,-402.8,6457.6,-1489.0,872.9,6457.8,-1043.6,869.7,6523.6,-1690.9,868.7,6507.5,-1218.7,958.3,6551.9,-1673.4,891.1,6466.4,-1202.5,954.2,6585.3,-1485.6,945.0,6450.5,-999.0,940.2,6502.5,-1284.1,-492.2,6466.7,-1258.1,-522.0,6431.1,-1255.6,-530.8,6478.0,-1203.5,-495.0,6407.2,-1200.2,-502.8,6493.3,-1139.6,-331.7,6339.0,-1159.4,-343.6,6590.3,-1150.3,-14.3,6293.2,-1227.3,-42.6,6664.9,-1274.1,202.2,6295.3,-1368.9,175.2,6713.1,-1286.9,261.7,6283.3,-1388.9,230.9,6726.5,-1328.7,297.0,6337.3,-1415.1,255.1,6679.6,-1330.3,250.4,6314.5,-1419.3,222.4,6711.6,-1343.6,259.9,6329.8,-1424.9,231.1,6698.0
-1211.7,116.1,6491.7,-1197.6,79.4,6408.1,-1203.3,87.1,6572.8,-1203.8,-154.2,6477.4,-1359.3,509.7,6452.3,-1167.2,510.0,6566.7,-1202.3,-399.9,6457.4,-1511.0,873.6,6460.2,-1043.7,869.1,6519.9,-1716.9,868.5,6510.4,-1217.5,958.4,6548.4,-1699.0,889.2,6468.9,-1202.7,954.6,6581.8,-1507.3,947.9,6453.1,-998.4,939.2,6498.0,-1307.2,-490.7,6466.3,-1277.7,-519.3,6430.9,-1278.4,-527.1,6478.0,-1224.0,-492.8,6406.8,-1224.8,-499.1,6493.5,-1163.4,-330.0,6338.2,-1183.8,-341.2,6590.4,-1174.9,-13.4,6292.2,-1244.8,-39.2,6664.4,-1286.4,206.8,6292.6,-1385.1,176.4,6712.1,-1297.7,268.2,6280.0,-1404.7,232.3,6725.7,-1343.3,301.3,6334.1,-1433.9,257.4,6679.4,-1342.9,256.9,6311.1,-1434.5,224.4,6710.9,-1357.9,264.8,6326.5,-1439.7,233.4,6697.5
-1255.2,120.8,6507.0,-1246.3,83.7,6423.2,-1240.0,90.9,6588.4,-1247.7,-150.7,6493.2,-1407.1,518.1,6469.9,-1188.5,513.9,6578.7,-1242.2,-395.0,6474.0,-1536.0,877.8,6477.4,-1047.9,870.1,6529.9,-1743.0,883.8,6527.0,-1218.9,960.4,6558.4,-1718.4,903.4,6485.1,-1205.6,957.4,6591.3,-1522.6,951.9,6470.2,-1000.8,939.8,6507.3,-1347.0,-489.3,6483.0,-1315.9,-516.4,6447.6,-1316.8,-523.2,6495.0,-1262.8,-489.5,6423.2,-1265.2,-494.8,6510.5,-1207.9,-325.8,6354.0,-1220.0,-337.3,6607.5,-1220.4,-9.4,6306.3,-1282.6,-32.3,6681.4,-1313.8,217.1,6305.9,-1411.7,182.4,6728.3,-1318.2,282.3,6292.5,-1424.1,236.3,6742.2,-1358.8,316.9,6346.4,-1447.5,261.3,6695.5,-1365.7,275.6,6323.8,-1454.1,229.8,6727.4,-1378.6,283.7,6339.1,-1457.4,239.3,6714.0
-1293.8,125.2,6537.8,-1291.5,87.1,6453.8,-1278.3,94.9,6619.6,-1288.3,-147.4,6525.0,-1444.9,525.1,6501.1,-1218.8,516.6,6606.7,-1277.3,-390.9,6506.7,-1557.6,884.3,6508.6,-1055.6,871.0,6554.1,-1763.8,893.8,6557.9,-1223.3,964.9,6581.5,-1736.9,914.1,6516.0,-1211.4,962.3,6614.1,-1538.1,957.6,6501.7,-1005.3,939.2,6530.3,-1383.9,-487.8,6516.3,-1354.8,-514.7,6480.8,-1352.4,-520.6,6528.7,-1301.9,-486.3,6456.2,-1300.0,-490.8,6544.1,-1248.5,-322.4,6385.9,-1253.4,-333.3,6640.5,-1257.9,-7.5,6336.7,-1307.2,-28.6,6713.4,-1337.0,226.3,6334.4,-1405.8,193.2,6760.7,-1336.4,294.3,6320.4,-1414.1,246.8,6774.2,-1373.2,333.6,6374.1,-1428.3,275.0,6726.4,-1384.0,291.6,6351.7,-1442.4,244.0,6759.6,-1394.6,301.9,6367.0,-1444.0,254.3,6746.1
-1324.1,131.4,6534.5,-1317.9,93.6,6450.7,-1321.5,100.0,6616.3,-1322.7,-142.0,6521.9,-1471.9,529.6,6498.5,-1246.3,518.2,6601.7,-1310.9,-386.8,6503.4,-1565.2,887.6,6508.1,-1062.6,865.0,6548.6,-1771.1,919.0,6556.4,-1222.1,965.3,6574.7,-1743.4,936.4,6515.0,-1212.2,963.0,6607.0,-1541.3,959.0,6502.0,-1007.5,927.5,6525.0,-1412.8,-488.1,6511.9,-1378.9,-514.0,6476.9,-1382.0,-520.2,6524.8,-1325.2,-483.7,6452.4,-1330.1,-488.4,6540.7,-1275.1,-319.3,6382.6,-1288.4,-328.8,6637.1,-1284.5,-3.1,6334.0,-1343.3,-24.9,6709.5,-1353.2,233.2,6329.7,-1423.6,203.0,6757.0,-1348.3,302.8,6315.3,-1427.8,256.4,6770.5,-1383.8,346.8,6368.4,-1434.4,287.4,6721.5,-1397.9,302.9,6346.4,-1454.6,256.2,6755.7,-1408.7,316.2,6361.5,-1454.6,266.9,6742.1
-1346.6,133.7,6511.5,-1339.0,95.7,6427.9,-1353.9,101.5,6593.2,-1345.6,-139.4,6499.0,-1492.3,532.3,6476.9,-1271.5,518.9,6576.6,-1333.6,-383.7,6480.4,-1564.8,888.8,6488.7,-1072.6,851.7,6522.1,-1769.4,937.7,6536.3,-1216.9,962.9,6547.0,-1741.8,953.9,6495.7,-1208.6,960.6,6578.6,-1539.1,957.7,6483.7,-1010.0,903.4,6498.4,-1434.5,-485.3,6488.5,-1402.9,-511.1,6453.7,-1403.0,-517.0,6501.8,-1350.0,-481.1,6429.3,-1351.3,-485.4,6517.4,-1294.7,-317.4,6359.9,-1315.0,-326.3,6613.7,-1303.9,-1.0,6311.5,-1381.6,-24.0,6686.7,-1363.2,236.4,6304.7,-1468.7,207.6,6734.0,-1354.1,305.7,6289.4,-1472.1,262.0,6747.4,-1389.7,352.2,6341.3,-1477.5,295.3,6698.2,-1405.8,308.7,6319.7,-1498.9,264.4,6732.4,-1418.3,323.7,6334.5,-1498.8,275.4,6718.8
-1371.2,133.9,6509.0,-1364.8,95.5,6425.3,-1384.3,101.0,6590.8,-1370.1,-139.2,6496.7,-1508.2,531.1,6474.2,-1308.2,519.3,6572.4,-1356.9,-383.6,6477.7,-1568.9,891.3,6488.1,-1090.2,838.6,6517.4,-1771.1,951.5,6536.2,-1215.3,963.3,6538.8,-1745.0,966.3,6496.0,-1208.6,960.8,6570.1,-1541.1,958.6,6484.3,-1021.7,880.1,6493.5,-1454.4,-486.2,6484.8,-1419.6,-512.0,6450.2,-1423.7,-518.2,6498.5,-1367.7,-481.1,6426.1,-1373.6,-485.4,6514.5,-1319.5,-316.7,6357.3,-1341.0,-325.2,6611.1,-1322.8,0.0,6309.0,-1415.1,-24.0,6684.7,-1381.4,238.3,6300.1,-1509.2,213.7,6730.9,-1370.3,308.2,6284.2,-1510.2,269.4,6744.1,-1407.0,355.8,6334.2,-1514.4,304.9,6694.4,-1422.8,312.4,6313.4,-1534.7,273.4,6728.6,-1437.7,328.1,6328.1,-1534.0,285.0,6715.0
-1396.3,132.0,6524.5,-1389.7,93.6,6440.7,-1408.6,99.3,6606.8,-1395.6,-140.9,6512.9,-1523.8,530.9,6489.3,-1369.8,520.9,6588.8,-1379.7,-385.5,6494.0,-1576.7,895.8,6504.5,-1116.8,822.3,6531.6,-1776.7,962.5,6553.4,-1217.2,965.2,6548.2,-1752.0,977.3,6513.6,-1211.5,961.9,6579.2,-1547.0,961.6,6500.8,-1041.6,853.7,6507.3,-1478.0,-487.7,6501.1,-1446.3,-513.8,6466.3,-1445.4,-520.2,6514.8,-1395.1,-482.8,6442.1,-1394.1,-487.3,6530.8,-1344.9,-318.0,6373.2,-1366.0,-326.7,6627.8,-1347.9,-1.8,6324.6,-1429.0,-25.4,6700.9,-1404.1,237.1,6313.8,-1515.7,212.4,6747.8,-1391.3,307.0,6297.4,-1516.3,268.1,6760.7,-1427.0,354.6,6346.6,-1518.5,304.2,6709.6,-1444.4,310.4,6326.5,-1538.8,272.0,6744.7,-1459.0,326.5,6341.4,-1537.8,283.8,6730.9
-1405.9,131.0,6533.8,-1399.5,92.8,6449.9,-1416.3,99.0,6616.4,-1405.5,-142.0,6522.9,-1530.8,530.5,6498.0,-1391.0,521.8,6598.6,-1388.7,-386.7,6504.0,-1580.3,898.3,6514.0,-1130.3,813.1,6540.0,-1779.6,968.3,6563.4,-1218.1,966.1,6552.1,-1755.8,982.9,6523.8,-1213.2,962.3,6582.9,-1549.8,963.2,6510.3,-1053.3,841.3,6515.3,-1488.6,-488.6,6511.1,-1457.5,-515.0,6476.2,-1455.4,-521.4,6524.7,-1405.7,-483.9,6451.8,-1403.3,-488.5,6540.9,-1354.9,-318.8,6383.0,-1375.3,-327.7,6638.2,-1358.7,-2.7,6334.2,-1431.5,-26.2,6710.5,-1414.2,236.4,6321.6,-1515.0,211.8,6758.3,-1400.8,306.5,6304.9,-1516.5,267.5,6770.8,-1435.7,354.1,6353.2,-1517.7,303.9,6718.5,-1453.8,309.5,6333.8,-1538.5,271.2,6754.4,-1468.1,325.8,6348.9,-1537.4,283.2,6740.4
-1425.4,130.8,6539.2,-1415.2,92.7,6455.1,-1444.9,98.0,6622.1,-1425.5,-142.5,6528.6,-1547.4,532.4,6504.0,-1420.4,522.9,6604.4,-1408.5,-387.6,6509.5,-1583.4,901.2,6521.5,-1148.4,798.6,6544.5,-1781.6,972.2,6571.9,-1219.2,965.9,6552.3,-1758.0,987.0,6532.3,-1215.8,961.7,6583.2,-1552.3,964.9,6517.9,-1069.0,820.8,6520.5,-1508.4,-489.7,6515.5,-1474.1,-515.6,6480.7,-1476.1,-522.1,6529.3,-1419.8,-484.8,6456.8,-1422.8,-489.5,6546.3,-1370.7,-319.4,6388.4,-1396.9,-328.7,6644.0,-1375.8,-2.9,6339.5,-1451.6,-26.5,6716.3,-1431.7,235.4,6325.2,-1541.6,210.2,6763.4,-1418.4,305.1,6308.4,-1543.7,266.0,6775.6,-1453.9,352.9,6356.3,-1542.0,302.6,6722.2,-1471.9,307.9,6337.1,-1562.5,269.3,6759.2,-1486.3,324.4,6352.3,-1561.1,281.4,6745.1
-1452.2,130.6,6549.7,-1440.7,92.9,6465.1,-1478.0,97.7,6633.1,-1452.9,-142.9,6538.9,-1564.1,534.9,6515.7,-1451.0,524.4,6615.3,-1431.6,-388.5,6519.5,-1587.6,904.1,6535.8,-1172.8,784.5,6556.5,-1786.6,976.8,6586.5,-1224.1,966.5,6560.5,-1762.2,992.0,6547.2,-1222.3,962.5,6592.0,-1555.2,967.0,6532.1,-1091.7,798.6,6532.3,-1532.2,-491.4,6525.1,-1496.5,-517.2,6490.2,-1500.7,-523.6,6538.9,-1438.6,-485.7,6466.5,-1447.1,-490.5,6556.3,-1388.1,-320.1,6398.1,-1423.9,-329.6,6654.6,-1389.9,-3.1,6349.4,-1493.7,-27.4,6728.1,-1456.0,234.9,6333.2,-1584.1,209.5,6773.7,-1444.6,304.3,6316.2,-1587.1,265.2,6786.0,-1481.8,351.5,6362.8,-1590.7,300.7,6733.0,-1497.7,306.7,6344.1,-1606.8,267.9,6769.6,-1513.1,322.8,6359.1,-1607.6,279.6,6755.4
-1479.3,129.2,6566.6,-1463.9,93.3,6481.9,-1508.9,96.1,6650.2,-1479.3,-143.4,6555.3,-1576.6,537.1,6535.6,-1483.0,526.1,6635.4,-1455.3,-389.8,6534.7,-1592.2,906.8,6556.7,-1208.6,773.0,6577.4,-1793.1,986.6,6607.7,-1242.0,968.7,6578.6,-1769.6,1000.7,6568.2,-1240.5,961.0,6610.0,-1557.9,970.3,6552.8,-1126.5,780.5,6553.7,-1546.7,-496.0,6540.1,-1516.0,-520.7,6504.7,-1514.4,-527.7,6553.8,-1466.2,-487.5,6481.3,-1464.4,-492.8,6570.9,-1413.9,-320.6,6413.6,-1459.7,-331.4,6670.0,-1400.1,-3.1,6365.0,-1534.0,-31.3,6746.9,-1483.5,235.2,6348.7,-1616.1,206.1,6791.3,-1477.2,304.8,6330.8,-1621.4,263.2,6804.6,-1514.5,352.0,6377.2,-1629.9,299.5,6752.7,-1528.5,306.8,6358.4,-1647.8,266.2,6788.3,-1542.1,322.7,6373.6,-1647.0,278.3,6774.3
-1498.4,129.0,6582.1,-1482.2,93.5,6497.1,-1529.3,95.4,6665.9,-1498.9,-144.1,6570.2,-1586.4,537.2,6550.0,-1521.1,526.9,6652.9,-1478.8,-391.4,6548.6,-1596.0,908.7,6571.0,-1249.9,764.1,6596.4,-1797.6,988.4,6619.4,-1279.9,965.4,6594.8,-1772.5,1001.4,6580.1,-1279.5,955.7,6626.7,-1560.2,972.0,6567.1,-1170.2,773.4,6573.7,-1575.4,-498.5,6553.0,-1539.7,-523.4,6517.5,-1544.5,-530.1,6566.9,-1482.9,-490.0,6494.7,-1492.2,-494.9,6584.8,-1431.6,-321.5,6427.3,-1480.9,-333.0,6684.5,-1420.2,-4.4,6379.5,-1555.6,-35.6,6762.9,-1513.2,234.4,6362.5,-1639.5,201.2,6807.1,-1509.4,304.1,6344.0,-1644.6,258.1,6820.3,-1548.1,351.8,6390.2,-1650.3,294.3,6768.8,-1558.9,305.1,6371.4,-1665.9,260.5,6804.3,-1573.3,321.2,6386.6,-1665.1,272.3,6790.3
-1511.6,128.4,6571.7,-1493.0,93.7,6486.7,-1547.9,95.3,6655.6,-1512.4,-144.1,6559.4,-1590.2,536.3,6539.2,-1549.5,526.8,6644.9,-1495.7,-392.1,6537.4,-1593.3,907.8,6558.7,-1286.4,764.2,6590.5,-1794.4,986.4,6605.3,-1340.8,959.3,6587.4,-1769.3,999.2,6566.1,-1337.4,949.3,6619.9,-1555.8,970.3,6553.6,-1208.1,778.0,6569.2,-1595.2,-499.3,6540.5,-1557.3,-524.6,6505.3,-1566.8,-530.8,6554.8,-1496.4,-491.8,6483.1,-1512.0,-495.8,6573.4,-1441.1,-322.3,6416.1,-1499.8,-334.0,6673.4,-1434.3,-5.9,6369.3,-1578.1,-38.2,6752.4,-1537.5,229.4,6351.8,-1656.8,195.6,6796.0,-1535.6,297.4,6333.1,-1662.8,251.5,6808.8,-1574.5,344.3,6379.3,-1668.3,285.9,6758.5,-1584.1,295.4,6360.4,-1681.6,252.5,6793.2,-1597.6,310.5,6375.5,-1681.8,264.0,6779.4
-1548.9,128.9,6594.2,-1524.3,94.8,6509.2,-1593.1,96.3,6678.2,-1546.6,-144.5,6581.5,-1617.3,538.5,6560.8,-1602.5,528.9,6670.0,-1527.8,-395.1,6559.4,-1598.6,909.9,6581.2,-1378.0,776.7,6617.4,-1797.1,989.1,6624.2,-1479.6,961.4,6615.3,-1772.6,1001.6,6584.5,-1469.6,952.0,6648.7,-1559.9,973.0,6574.4,-1304.6,796.6,6597.4,-1628.5,-501.6,6560.4,-1587.8,-527.9,6525.7,-1604.9,-533.7,6575.6,-1522.1,-497.2,6504.6,-1549.4,-499.4,6595.2,-1459.3,-325.5,6438.2,-1539.9,-336.7,6695.8,-1452.5,-8.6,6392.3,-1629.7,-45.7,6775.7,-1575.6,212.5,6374.9,-1699.2,176.4,6817.2,-1586.5,276.5,6356.9,-1710.1,232.7,6830.0,-1629.8,312.9,6402.7,-1719.6,260.7,6780.0,-1631.2,267.4,6383.4,-1725.8,229.1,6813.7,-1644.7,277.8,6398.5,-1726.5,238.0,6799.7
-1575.0,129.3,6596.5,-1543.8,97.7,6511.8,-1623.4,97.8,6680.1,-1571.0,-144.4,6583.1,-1632.5,540.8,6563.1,-1644.1,530.4,6674.3,-1548.8,-397.1,6560.9,-1599.9,910.1,6583.9,-1452.4,781.5,6626.8,-1796.3,989.2,6623.8,-1572.4,956.4,6627.0,-1771.9,1002.2,6583.9,-1564.4,947.0,6660.5,-1559.6,973.0,6575.2,-1387.0,806.2,6606.4,-1648.2,-502.6,6559.3,-1604.1,-529.9,6525.4,-1627.0,-534.9,6575.6,-1536.3,-500.9,6505.8,-1571.1,-501.5,6596.4,-1469.4,-327.7,6440.6,-1570.9,-337.9,6697.0,-1459.8,-11.5,6395.5,-1659.3,-53.3,6777.7,-1599.9,195.6,6377.4,-1726.7,160.8,6817.3,-1618.3,259.3,6360.8,-1739.5,217.7,6829.8,-1668.6,289.3,6406.0,-1749.0,242.3,6780.1,-1663.4,244.1,6386.6,-1753.7,211.3,6813.3,-1679.5,252.3,6401.7,-1755.6,218.5,6799.2
-1592.6,129.4,6585.1,-1555.0,99.9,6500.9,-1645.3,100.4,6668.2,-1586.9,-143.9,6571.6,-1638.2,541.7,6549.3,-1674.8,531.8,6663.5,-1562.0,-397.6,6549.8,-1596.2,906.9,6565.9,-1513.3,798.7,6621.1,-1791.2,986.2,6603.2,-1668.2,951.7,6620.3,-1765.9,999.6,6563.3,-1665.3,941.2,6655.4,-1555.0,969.7,6556.9,-1456.0,839.4,6601.6,-1658.4,-502.9,6544.7,-1611.0,-531.5,6512.3,-1641.9,-535.0,6562.9,-1540.8,-503.1,6495.0,-1583.9,-502.2,6585.1,-1473.5,-328.9,6430.7,-1593.9,-337.1,6685.4,-1461.9,-15.4,6385.2,-1681.9,-57.7,6766.5,-1612.1,181.9,6366.8,-1750.5,145.4,6803.3,-1635.3,246.9,6351.3,-1770.7,201.2,6816.5,-1689.0,272.5,6395.6,-1781.7,226.0,6766.9,-1678.7,228.2,6376.2,-1783.4,193.6,6799.2,-1696.4,234.2,6391.4,-1786.0,201.1,6784.7
-1612.6,129.9,6584.0,-1564.8,102.0,6499.9,-1671.7,103.1,6666.7,-1604.1,-143.7,6570.4,-1629.8,543.9,6547.4,-1711.8,533.0,6662.0,-1575.9,-398.8,6548.9,-1596.4,906.3,6562.9,-1565.7,834.4,6623.8,-1789.0,985.5,6594.7,-1722.6,953.0,6621.5,-1763.0,999.3,6555.0,-1728.1,942.9,6657.6,-1554.4,968.9,6554.1,-1519.4,885.1,6606.9,-1667.4,-503.9,6540.0,-1618.0,-533.9,6509.1,-1655.4,-536.2,6560.4,-1546.6,-506.4,6494.1,-1596.0,-504.4,6584.4,-1477.2,-330.3,6430.5,-1624.9,-336.8,6684.8,-1463.0,-18.6,6384.3,-1711.8,-59.6,6766.3,-1615.5,174.1,6365.7,-1782.1,137.8,6799.0,-1640.6,241.1,6351.3,-1806.3,196.4,6812.4,-1698.1,265.8,6394.6,-1815.0,222.0,6763.1,-1683.4,222.1,6375.2,-1817.6,187.7,6793.6,-1704.1,227.4,6390.4,-1818.1,195.9,6778.8
-1628.0,131.6,6570.3,-1570.0,106.1,6486.7,-1695.1,108.1,6652.0,-1615.5,-142.4,6556.3,-1621.0,549.7,6534.8,-1730.1,536.9,6648.0,-1586.7,-398.8,6534.7,-1594.0,905.0,6552.2,-1630.4,863.5,6615.8,-1785.5,982.0,6580.3,-1775.0,953.6,6609.1,-1758.0,996.2,6541.0,-1789.6,944.4,6645.3,-1553.0,967.7,6544.9,-1592.6,918.9,6602.4,-1673.7,-503.8,6521.7,-1621.4,-535.1,6492.6,-1664.0,-536.4,6544.1,-1550.0,-508.2,6480.1,-1605.9,-505.6,6570.2,-1477.3,-330.2,6417.9,-1654.0,-335.8,6670.1,-1459.8,-20.8,6372.6,-1735.5,-58.0,6751.6,-1610.1,169.5,6353.6,-1809.0,140.2,6778.8,-1634.9,237.0,6340.6,-1833.7,200.6,6792.9,-1692.8,260.8,6382.9,-1835.8,226.9,6744.5,-1677.0,218.6,6363.6,-1842.7,191.9,6772.5,-1699.0,224.0,6378.9,-1838.4,200.8,6757.5
-1635.5,133.5,6547.4,-1570.3,108.0,6464.3,-1710.2,110.3,6627.7,-1620.0,-141.2,6532.6,-1612.5,552.7,6512.6,-1750.2,535.6,6625.4,-1592.0,-398.2,6510.3,-1590.7,902.8,6533.4,-1683.2,876.5,6600.2,-1778.8,978.2,6555.6,-1825.9,951.8,6586.4,-1748.7,992.7,6516.6,-1844.0,943.5,6622.4,-1552.0,965.5,6528.9,-1651.5,932.5,6591.2,-1675.3,-502.9,6493.3,-1621.2,-534.5,6465.6,-1666.9,-535.5,6517.5,-1550.5,-508.0,6455.9,-1613.2,-505.7,6545.8,-1474.2,-329.2,6395.3,-1670.5,-334.4,6645.2,-1454.0,-21.8,6351.8,-1747.9,-58.2,6727.3,-1599.7,166.3,6332.5,-1821.1,140.7,6749.2,-1623.5,233.5,6320.6,-1845.3,202.8,6763.5,-1681.1,257.0,6362.1,-1841.6,230.2,6716.1,-1665.6,215.7,6342.4,-1852.3,194.3,6741.6,-1687.7,221.5,6357.7,-1843.8,203.8,6726.2
-1634.8,135.3,6523.4,-1567.2,109.1,6440.6,-1711.1,111.9,6602.7,-1618.5,-140.0,6507.8,-1605.1,553.8,6489.2,-1750.4,534.8,6601.6,-1591.1,-397.3,6484.9,-1586.8,900.5,6513.0,-1692.4,881.5,6582.4,-1772.0,974.2,6530.0,-1831.7,952.5,6562.3,-1739.0,988.7,6491.0,-1850.2,945.6,6598.3,-1550.7,962.9,6511.1,-1661.7,937.4,6577.2,-1672.2,-501.6,6464.4,-1617.5,-533.4,6437.9,-1664.5,-534.4,6490.4,-1547.6,-507.1,6430.6,-1612.9,-505.1,6520.6,-1470.0,-328.1,6371.3,-1672.6,-333.1,6619.8,-1448.1,-22.7,6329.3,-1748.6,-58.1,6702.6,-1591.2,164.2,6309.7,-1820.3,140.9,6719.6,-1614.8,231.2,6298.7,-1844.1,203.7,6734.0,-1672.4,254.6,6339.6,-1838.4,231.4,6687.3,-1656.7,213.8,6319.4,-1850.1,195.2,6710.6,-1679.1,219.9,6334.9,-1840.2,205.0,6694.9
-1635.8,137.9,6490.6,-1562.5,111.5,6408.4,-1718.4,113.8,6568.5,-1619.5,-138.2,6473.7,-1596.7,555.6,6458.4,-1758.3,534.1,6569.9,-1591.8,-395.8,6449.6,-1580.3,898.1,6487.6,-1725.3,880.5,6559.9,-1762.5,971.5,6496.4,-1854.4,955.7,6531.2,-1721.3,985.8,6457.9,-1880.6,949.2,6567.5,-1547.4,959.8,6488.9,-1697.1,935.4,6559.5,-1666.9,-501.4,6424.9,-1611.0,-532.7,6399.7,-1661.5,-533.5,6452.6,-1542.2,-505.6,6395.4,-1613.4,-504.2,6485.2,-1463.2,-326.6,6338.0,-1682.9,-331.3,6584.3,-1438.6,-22.7,6298.4,-1763.0,-57.2,6667.5,-1578.1,162.7,6278.0,-1838.2,143.3,6679.7,-1600.3,229.6,6267.9,-1866.1,203.4,6692.4,-1658.7,253.3,6307.6,-1852.0,232.8,6646.8,-1642.6,211.6,6287.0,-1866.0,196.2,6667.7,-1665.4,218.2,6302.5,-1850.7,204.4,6652.0
-1647.7,135.6,6460.1,-1564.4,109.5,6378.7,-1734.0,112.2,6536.5,-1627.5,-137.8,6442.4,-1589.7,552.5,6428.5,-1777.4,534.0,6540.0,-1599.4,-394.8,6418.6,-1575.3,895.6,6460.7,-1763.3,884.6,6536.8,-1748.2,976.0,6461.8,-1879.9,963.1,6500.6,-1697.3,987.7,6424.9,-1915.5,955.9,6537.6,-1547.5,956.7,6465.8,-1740.8,940.4,6539.2,-1671.6,-502.0,6390.8,-1614.7,-532.4,6367.0,-1668.7,-533.5,6420.1,-1545.3,-504.5,6364.6,-1619.8,-503.5,6454.7,-1459.1,-327.9,6309.0,-1706.2,-329.8,6552.5,-1430.6,-22.6,6270.6,-1792.2,-56.1,6635.4,-1569.4,164.8,6250.0,-1858.6,143.6,6642.3,-1590.3,232.7,6240.2,-1885.5,207.9,6654.2,-1645.1,257.3,6278.7,-1867.6,241.7,6610.0,-1631.3,214.4,6258.2,-1887.4,200.1,6628.9,-1653.4,221.4,6273.3,-1868.7,211.9,6613.2
-1653.3,134.1,6436.2,-1563.4,108.6,6356.0,-1747.4,111.0,6511.1,-1632.2,-137.2,6419.0,-1583.7,550.7,6404.5,-1789.0,533.3,6513.1,-1602.1,-393.0,6396.8,-1570.9,892.2,6439.7,-1806.3,883.1,6514.2,-1739.9,971.4,6434.1,-1899.2,967.3,6469.4,-1687.6,982.7,6398.1,-1934.7,961.3,6506.3,-1544.8,953.9,6447.7,-1789.5,937.3,6518.5,-1671.1,-501.5,6366.6,-1613.3,-531.8,6344.0,-1671.3,-533.1,6397.3,-1542.3,-503.4,6343.2,-1622.2,-502.8,6432.9,-1455.1,-327.5,6289.2,-1721.5,-328.8,6529.6,-1423.8,-24.1,6251.7,-1809.8,-56.3,6609.8,-1548.2,165.7,6226.5,-1880.4,143.5,6609.9,-1565.5,233.0,6216.1,-1906.2,214.6,6620.9,-1627.2,258.1,6252.6,-1884.3,254.1,6577.9,-1611.4,215.1,6231.9,-1905.1,206.5,6594.1,-1641.4,222.5,6247.3,-1882.7,223.0,6578.8
-1657.3,133.1,6419.3,-1561.3,107.5,6340.7,-1758.3,109.8,6492.4,-1635.4,-137.1,6402.7,-1579.3,548.4,6387.1,-1800.8,531.8,6492.0,-1605.0,-392.1,6382.1,-1568.6,889.9,6424.1,-1834.2,884.5,6496.1,-1734.1,969.1,6412.4,-1905.3,969.0,6442.9,-1683.1,980.0,6377.4,-1945.2,965.3,6479.3,-1543.3,951.8,6434.6,-1820.8,939.4,6501.3,-1670.6,-502.2,6349.8,-1611.7,-532.3,6328.2,-1673.7,-533.8,6381.6,-1541.0,-502.8,6329.4,-1627.0,-502.7,6418.3,-1452.2,-327.3,6277.6,-1735.4,-328.4,6513.5,-1413.3,-24.7,6241.3,-1827.5,-57.1,6590.3,-1512.0,166.4,6210.8,-1897.3,143.7,6582.8,-1519.8,233.7,6200.0,-1923.4,219.7,6594.3,-1580.6,263.2,6234.1,-1899.2,263.9,6552.1,-1570.2,215.0,6213.7,-1923.0,211.6,6566.1,-1604.6,224.1,6229.2,-1897.9,231.0,6551.0
-1661.3,130.7,6410.3,-1558.7,107.0,6334.6,-1768.6,108.1,6480.7,-1638.6,-137.1,6394.0,-1577.6,546.4,6378.6,-1814.7,531.3,6477.8,-1610.8,-391.8,6375.2,-1569.1,889.0,6419.3,-1861.3,887.3,6486.4,-1732.0,967.6,6402.3,-1901.4,974.8,6423.5,-1682.7,978.5,6368.9,-1946.6,972.1,6459.1,-1543.9,951.1,6432.5,-1852.0,941.6,6493.6,-1669.0,-504.5,6340.3,-1609.4,-534.6,6320.0,-1677.2,-536.0,6373.2,-1542.3,-503.4,6324.1,-1639.7,-503.5,6411.4,-1450.9,-327.3,6275.7,-1751.2,-328.9,6504.2,-1403.1,-24.3,6241.7,-1846.4,-58.0,6576.8,-1474.1,169.1,6205.5,-1915.5,144.1,6561.5,-1473.5,241.1,6194.5,-1942.2,222.1,6573.9,-1531.9,277.4,6225.5,-1918.4,268.8,6533.2,-1524.0,224.3,6205.8,-1939.4,214.5,6544.3,-1560.0,236.1,6221.0,-1913.1,235.9,6530.0
-1665.7,129.6,6396.7,-1555.5,106.7,6325.4,-1781.7,106.1,6462.5,-1643.6,-137.0,6380.6,-1574.8,545.3,6367.6,-1827.3,532.0,6456.4,-1617.7,-391.3,6363.7,-1568.4,887.8,6411.1,-1891.1,886.3,6469.5,-1728.3,964.9,6388.3,-1876.9,978.6,6397.2,-1678.9,976.1,6357.3,-1925.8,980.5,6429.0,-1544.1,949.4,6427.6,-1891.0,938.7,6479.3,-1664.6,-507.2,6325.1,-1605.7,-537.0,6307.0,-1681.9,-538.6,6358.9,-1545.4,-503.8,6314.9,-1661.5,-503.9,6399.2,-1450.3,-326.7,6273.0,-1777.0,-329.7,6487.8,-1393.0,-24.7,6243.0,-1878.4,-59.8,6555.9,-1420.2,175.0,6200.6,-1942.9,143.6,6533.3,-1412.6,248.4,6189.8,-1972.8,222.7,6545.5,-1464.1,286.6,6217.0,-1947.4,271.1,6506.6,-1453.9,235.3,6198.3,-1964.9,215.2,6514.9,-1492.0,249.5,6213.1,-1936.5,237.9,6501.6
-1669.0,128.9,6386.0,-1554.6,106.4,6319.7,-1789.1,103.4,6446.6,-1647.6,-137.0,6369.8,-1573.5,544.7,6362.5,-1835.8,530.4,6436.0,-1622.5,-390.9,6354.3,-1569.4,887.3,6410.4,-1903.5,886.0,6453.2,-1725.6,963.2,6380.5,-1856.9,979.0,6370.4,-1675.5,974.9,6351.9,-1908.4,983.8,6397.5,-1546.6,948.5,6430.4,-1908.3,939.5,6465.2,-1659.9,-508.6,6311.7,-1602.5,-538.0,6296.3,-1684.7,-540.0,6346.2,-1548.4,-503.8,6308.0,-1678.2,-504.1,6388.7,-1451.0,-326.4,6273.2,-1792.5,-330.6,6473.0,-1388.8,-25.0,6248.3,-1898.3,-61.2,6537.2,-1388.0,180.9,6200.6,-1960.1,143.1,6509.1,-1372.6,253.7,6189.9,-1992.2,222.0,6521.0,-1416.3,293.3,6212.6,-1965.5,271.4,6484.6,-1407.3,244.1,6195.1,-1978.8,214.9,6489.9,-1443.2,261.1,6208.8,-1949.4,238.4,6477.9
-1675.4,128.3,6380.1,-1557.0,106.0,6319.0,-1798.1,101.1,6435.4,-1654.0,-137.2,6363.7,-1574.3,544.7,6361.7,-1843.4,529.2,6421.2,-1629.7,-390.9,6349.4,-1571.1,887.4,6413.0,-1910.3,886.3,6442.4,-1723.9,962.3,6376.1,-1845.0,976.3,6350.0,-1673.0,974.3,6349.9,-1897.2,982.4,6372.9,-1549.1,948.2,6435.6,-1918.5,941.0,6456.4,-1656.8,-509.1,6302.8,-1601.3,-538.2,6290.1,-1687.8,-540.5,6337.7,-1553.5,-503.8,6305.6,-1692.3,-504.5,6382.3,-1454.6,-326.3,6278.2,-1808.8,-332.1,6461.8,-1390.0,-25.7,6260.0,-1917.4,-61.9,6522.1,-1370.9,184.4,6208.1,-1979.4,142.8,6489.0,-1350.5,256.8,6198.0,-2011.5,222.0,6501.2,-1385.2,297.2,6216.1,-1981.5,273.0,6467.5,-1377.6,249.2,6199.9,-1996.6,215.4,6469.8,-1409.6,268.1,6212.2,-1966.7,239.6,6459.0
-1681.7,128.0,6366.5,-1560.2,106.1,6310.6,-1807.2,101.0,6416.7,-1660.5,-136.8,6349.6,-1575.5,543.9,6353.1,-1845.6,528.1,6398.9,-1636.6,-389.9,6336.3,-1570.7,886.1,6406.7,-1910.8,886.1,6423.7,-1720.4,960.3,6363.7,-1833.9,971.9,6323.6,-1669.8,972.1,6339.9,-1884.9,978.6,6342.5,-1548.9,946.2,6431.5,-1921.5,941.3,6439.6,-1652.7,-508.4,6286.0,-1598.8,-537.0,6276.0,-1688.6,-539.8,6321.2,-1556.7,-502.7,6295.1,-1701.0,-504.0,6367.7,-1457.8,-324.8,6274.4,-1819.9,-332.8,6442.3,-1391.2,-25.6,6263.6,-1930.5,-62.5,6499.3,-1360.7,187.2,6209.1,-1990.1,142.5,6463.4,-1336.6,258.6,6200.2,-2021.2,221.5,6475.5,-1365.9,299.1,6213.7,-1989.7,273.0,6445.8,-1360.5,252.3,6198.7,-2003.5,215.6,6444.4,-1390.0,272.1,6209.2,-1973.9,240.3,6435.4
-1693.7,126.8,6374.2,-1570.7,105.8,6323.4,-1820.0,99.4,6419.4,-1672.8,-137.1,6356.8,-1583.7,544.1,6363.1,-1852.5,527.6,6397.3,-1648.8,-390.3,6344.4,-1574.7,887.0,6417.6,-1914.8,887.5,6426.2,-1721.9,961.0,6369.4,-1830.3,970.6,6317.6,-1671.4,972.5,6347.5,-1880.6,977.7,6333.2,-1552.4,946.8,6443.8,-1926.2,943.5,6444.0,-1654.6,-508.9,6290.6,-1602.2,-537.3,6283.3,-1694.6,-540.6,6326.0,-1566.6,-503.3,6305.6,-1715.3,-505.0,6374.2,-1469.1,-323.9,6291.4,-1835.3,-334.4,6444.0,-1399.7,-26.4,6288.2,-1948.6,-64.1,6498.3,-1363.3,187.5,6231.5,-2004.0,142.5,6460.3,-1336.2,258.8,6224.0,-2034.1,221.4,6471.2,-1361.3,299.5,6233.5,-2001.3,273.9,6447.0,-1356.4,252.7,6219.6,-2013.0,216.1,6441.3,-1384.5,272.9,6228.1,-1982.7,241.2,6434.9
-1707.7,126.2,6387.8,-1585.0,105.8,6342.0,-1833.4,97.1,6428.0,-1687.1,-137.3,6369.9,-1596.2,544.9,6379.8,-1861.1,528.1,6403.0,-1662.5,-391.1,6358.3,-1581.5,888.9,6435.4,-1920.4,890.3,6435.2,-1725.4,962.7,6382.1,-1829.8,971.0,6319.7,-1675.1,973.9,6362.1,-1879.6,978.5,6332.8,-1558.5,948.5,6463.0,-1932.2,947.2,6454.6,-1658.9,-509.6,6301.2,-1608.8,-537.9,6296.5,-1702.3,-541.5,6336.6,-1581.2,-504.3,6322.2,-1731.6,-506.3,6386.2,-1486.1,-322.6,6313.8,-1854.4,-335.7,6451.5,-1407.8,-27.5,6318.1,-1968.5,-65.9,6503.0,-1370.8,187.4,6259.6,-2018.8,142.6,6463.6,-1342.5,258.9,6253.4,-2048.6,221.6,6472.4,-1365.6,299.9,6259.3,-2015.6,275.4,6453.0,-1359.4,252.5,6246.4,-2023.3,217.0,6444.2,-1387.3,273.1,6253.1,-1992.9,242.8,6440.4
-1717.7,126.8,6407.4,-1596.7,106.2,6366.2,-1841.8,96.7,6443.1,-1697.3,-137.7,6389.2,-1608.2,546.4,6401.8,-1868.1,529.1,6416.1,-1672.5,-392.2,6378.2,-1589.1,891.7,6458.2,-1926.0,893.0,6450.5,-1730.5,965.3,6400.4,-1832.1,972.5,6329.0,-1680.5,976.4,6382.2,-1881.1,980.1,6340.0,-1565.5,951.3,6486.9,-1938.2,950.8,6471.3,-1664.4,-510.8,6318.1,-1615.9,-539.1,6315.9,-1709.4,-542.8,6353.5,-1592.6,-506.0,6344.6,-1742.0,-507.9,6404.3,-1500.3,-321.6,6341.4,-1864.9,-337.2,6465.3,-1417.5,-28.4,6351.9,-1979.0,-67.3,6514.2,-1378.6,187.7,6292.6,-2027.2,142.8,6474.2,-1349.7,259.6,6287.3,-2056.9,222.0,6481.1,-1371.6,301.0,6290.3,-2024.3,276.7,6466.0,-1365.0,253.2,6278.4,-2030.3,217.9,6454.6,-1392.7,274.0,6283.4,-2000.3,244.0,6453.1
-1742.0,115.1,6446.6,-1619.2,99.1,6409.3,-1866.3,88.2,6478.6,-1723.3,-141.1,6427.4,-1627.9,545.1,6442.2,-1883.9,531.5,6448.7,-1696.9,-394.5,6415.7,-1607.7,896.5,6502.8,-1936.7,899.2,6490.7,-1739.0,970.9,6437.5,-1841.8,981.4,6363.5,-1685.0,981.9,6420.3,-1894.3,989.1,6374.7,-1587.2,957.2,6533.5,-1948.6,957.8,6513.7,-1677.3,-513.8,6351.5,-1631.0,-542.2,6352.5,-1725.7,-546.2,6386.7,-1613.1,-509.2,6383.9,-1765.3,-513.3,6439.1,-1522.8,-323.1,6385.6,-1892.7,-342.4,6495.9,-1438.2,-28.4,6402.3,-2004.8,-70.4,6543.6,-1394.6,190.3,6345.7,-2052.4,144.2,6503.9,-1367.2,262.6,6343.0,-2078.5,224.6,6512.4,-1389.7,303.9,6343.4,-2043.6,279.7,6497.9,-1381.6,256.5,6331.8,-2052.1,220.8,6485.5,-1409.0,277.8,6335.4,-2020.9,246.5,6483.8
