-1591.6,132.5,6828.7,-1478.0,113.3,6811.9,-1698.6,109.7,6842.9,-1573.6,-137.6,6823.3,-1494.5,533.7,6785.8,-1687.5,537.7,6815.5,-1555.1,-394.9,6814.0,-1536.7,906.7,6811.5,-1697.5,910.3,6841.8,-1429.9,999.7,6677.1,-1658.9,1011.4,6681.4,-1389.4,989.3,6682.5,-1718.6,1012.1,6695.9,-1569.2,971.5,6834.5,-1699.3,971.9,6854.6,-1513.3,-501.4,6727.1,-1481.5,-529.3,6745.4,-1560.0,-536.0,6757.5,-1481.7,-501.6,6799.3,-1610.3,-508.6,6820.8,-1405.0,-329.9,6820.8,-1743.3,-334.6,6868.3,-1348.0,-63.0,6828.3,-1840.3,-57.8,6904.2,-1341.6,159.6,6758.7,-1871.8,173.0,6857.5,-1335.0,238.9,6748.3,-1888.3,247.3,6858.6,-1370.6,285.7,6743.9,-1851.6,292.9,6839.6,-1354.4,229.0,6730.6,-1864.5,241.2,6832.6,-1384.7,246.2,6732.2,-1835.1,261.3,6828.2
-1588.2,133.0,6852.7,-1475.5,114.3,6838.6,-1694.2,108.8,6864.8,-1567.5,-137.5,6848.0,-1499.2,535.5,6812.4,-1687.9,537.5,6836.1,-1546.8,-394.6,6838.5,-1543.1,909.8,6834.9,-1702.0,912.6,6860.7,-1434.4,1001.9,6699.3,-1663.2,1014.1,6699.0,-1394.4,992.2,6706.3,-1722.7,1014.5,6711.9,-1575.5,975.0,6857.4,-1703.8,974.5,6872.6,-1494.8,-493.2,6752.2,-1462.6,-522.4,6771.2,-1542.0,-532.3,6780.7,-1471.6,-496.9,6825.6,-1598.6,-509.0,6843.3,-1402.6,-328.3,6849.9,-1735.1,-336.2,6889.1,-1349.2,-59.8,6862.0,-1838.5,-59.6,6925.7,-1335.3,161.2,6796.3,-1871.6,172.2,6880.5,-1328.2,240.1,6787.3,-1889.6,245.7,6881.8,-1359.5,287.2,6781.6,-1852.7,291.6,6863.6,-1342.1,230.0,6769.0,-1862.6,239.8,6856.4,-1370.8,247.1,6769.3,-1832.7,260.1,6852.5
-1583.5,133.4,6872.6,-1472.3,114.8,6860.8,-1688.0,106.8,6882.6,-1560.9,-137.3,6868.0,-1503.4,536.9,6836.1,-1685.5,536.1,6853.0,-1537.3,-393.7,6858.3,-1548.6,912.5,6855.5,-1705.9,914.4,6877.0,-1437.8,1003.8,6719.1,-1666.4,1016.3,6714.3,-1398.5,994.6,6727.7,-1726.1,1016.5,6725.5,-1580.7,978.0,6877.6,-1707.6,976.8,6887.9,-1474.6,-485.1,6772.4,-1447.6,-514.4,6792.2,-1521.9,-527.3,6799.1,-1464.2,-490.7,6847.1,-1585.4,-507.7,6860.5,-1398.7,-326.3,6873.9,-1723.3,-337.7,6905.1,-1349.1,-56.1,6889.8,-1835.7,-61.6,6942.0,-1329.6,166.0,6827.1,-1866.2,171.1,6897.6,-1321.7,244.6,6818.9,-1885.0,243.6,6899.2,-1352.2,290.7,6812.4,-1847.6,289.1,6882.4,-1335.1,236.1,6800.4,-1853.9,237.7,6874.8,-1364.0,252.9,6800.0,-1823.8,257.8,6871.5
-1579.8,134.1,6894.7,-1470.1,116.2,6885.5,-1682.4,105.6,6902.2,-1555.7,-136.4,6889.8,-1507.8,539.6,6862.1,-1681.8,537.7,6871.8,-1528.6,-391.7,6879.3,-1555.0,915.7,6879.3,-1710.3,917.2,6896.3,-1442.2,1007.0,6742.7,-1667.8,1019.4,6732.8,-1403.7,998.2,6753.0,-1727.4,1019.3,6742.9,-1586.8,981.4,6901.3,-1712.2,979.6,6906.6,-1459.3,-470.5,6793.0,-1434.1,-501.8,6813.9,-1506.0,-516.6,6818.0,-1457.5,-484.0,6869.3,-1572.6,-504.5,6878.4,-1396.0,-322.7,6899.0,-1713.4,-339.1,6922.5,-1350.2,-51.3,6919.9,-1834.8,-63.7,6959.8,-1328.2,172.9,6861.0,-1861.8,169.6,6916.5,-1318.2,251.5,6853.4,-1880.6,241.7,6918.3,-1347.1,297.2,6845.5,-1841.2,287.4,6902.5,-1331.1,245.0,6834.4,-1846.6,235.2,6894.6,-1360.0,262.5,6833.1,-1815.5,255.7,6891.7
-1576.3,136.2,6920.0,-1468.5,119.0,6914.5,-1676.3,105.9,6924.0,-1550.1,-134.4,6914.4,-1512.2,542.5,6892.3,-1677.1,540.4,6894.5,-1519.7,-389.0,6902.9,-1562.3,919.5,6908.6,-1715.8,920.4,6921.0,-1447.0,1011.5,6771.9,-1663.1,1023.4,6758.2,-1409.8,1003.2,6784.7,-1723.3,1023.2,6767.9,-1594.0,985.4,6930.5,-1718.7,983.2,6932.1,-1443.7,-459.2,6816.8,-1421.8,-492.1,6838.5,-1489.8,-506.1,6839.4,-1451.0,-478.2,6894.2,-1561.7,-499.4,6898.6,-1393.1,-317.6,6927.9,-1704.5,-339.7,6940.5,-1353.0,-46.0,6955.4,-1835.5,-65.3,6977.0,-1327.9,178.2,6901.7,-1858.6,169.0,6934.5,-1316.7,256.4,6894.6,-1876.7,241.1,6935.3,-1342.2,302.1,6884.5,-1835.5,286.1,6921.1,-1324.9,251.1,6874.7,-1839.9,234.0,6912.8,-1353.3,269.2,6871.9,-1808.3,254.5,6910.6
-1573.3,139.7,6939.6,-1467.4,122.4,6937.7,-1670.9,106.7,6939.6,-1544.0,-131.1,6932.0,-1515.1,545.9,6918.0,-1671.3,542.0,6911.5,-1511.3,-384.5,6918.3,-1568.7,922.5,6934.5,-1720.3,922.9,6940.7,-1452.2,1015.1,6797.6,-1647.9,1026.8,6780.6,-1416.0,1007.2,6813.3,-1708.2,1026.4,6788.5,-1600.8,988.5,6956.4,-1725.1,986.1,6953.1,-1429.6,-450.8,6832.3,-1410.1,-484.6,6854.8,-1473.8,-497.5,6852.6,-1443.8,-472.5,6911.0,-1550.0,-493.8,6910.3,-1390.4,-313.1,6948.9,-1694.3,-340.0,6949.3,-1356.1,-41.7,6984.5,-1835.5,-67.2,6986.5,-1328.5,183.1,6937.6,-1856.5,167.8,6946.5,-1316.8,261.2,6931.6,-1873.4,239.7,6945.9,-1340.2,307.7,6919.6,-1830.8,284.0,6933.9,-1322.0,257.3,6910.6,-1834.5,231.9,6924.8,-1350.3,276.6,6906.6,-1802.5,252.3,6923.6
-1572.5,142.7,6957.1,-1469.4,124.6,6959.2,-1666.4,107.2,6952.9,-1540.2,-127.8,6947.3,-1518.1,549.4,6941.9,-1665.4,543.8,6925.7,-1504.0,-379.8,6930.2,-1574.3,924.9,6958.3,-1723.3,925.1,6956.9,-1456.3,1018.3,6821.4,-1630.8,1029.5,6798.8,-1421.7,1010.8,6840.4,-1690.4,1029.0,6804.4,-1606.8,991.0,6980.3,-1730.2,988.7,6970.3,-1417.8,-442.6,6843.7,-1398.7,-477.3,6867.4,-1461.6,-489.8,6861.4,-1436.1,-466.4,6924.3,-1537.7,-488.4,6917.8,-1391.7,-308.6,6967.2,-1683.2,-340.1,6954.1,-1361.8,-38.1,7011.6,-1835.0,-69.8,6992.0,-1330.4,187.4,6971.2,-1854.6,166.7,6954.6,-1318.3,265.5,6967.1,-1869.8,239.0,6952.1,-1340.3,313.1,6953.3,-1824.8,282.7,6942.4,-1320.8,262.3,6945.0,-1829.5,230.1,6932.6,-1349.2,282.9,6939.9,-1796.8,250.6,6932.2
-1570.3,144.3,6961.5,-1469.4,125.3,6967.6,-1660.0,107.1,6953.1,-1534.0,-125.4,6949.0,-1518.2,550.5,6953.1,-1655.2,544.3,6927.0,-1493.4,-376.0,6927.9,-1576.6,925.1,6968.3,-1722.1,925.5,6958.8,-1458.0,1019.8,6830.7,-1607.6,1030.2,6802.9,-1424.3,1012.6,6852.5,-1666.3,1029.6,6805.8,-1609.4,991.2,6990.5,-1731.5,989.4,6973.0,-1399.7,-434.8,6841.2,-1383.0,-470.5,6866.0,-1442.0,-482.9,6856.1,-1428.2,-462.6,6923.3,-1523.0,-483.2,6910.9,-1390.6,-306.2,6971.5,-1670.7,-339.5,6944.5,-1365.6,-36.3,7024.8,-1830.6,-72.0,6983.6,-1331.5,190.6,6991.2,-1849.5,165.2,6949.5,-1318.9,268.3,6989.2,-1864.0,237.4,6944.8,-1338.3,316.9,6973.9,-1818.5,280.8,6938.0,-1318.9,265.7,6966.1,-1822.2,228.0,6927.5,-1346.4,287.7,6959.9,-1789.7,248.5,6928.1
-1589.4,145.6,7017.7,-1488.1,130.4,7028.8,-1678.0,113.1,7004.7,-1552.2,-118.4,6999.1,-1532.4,554.9,7013.6,-1657.5,548.6,6974.1,-1507.9,-369.6,6969.5,-1593.3,931.3,7037.2,-1734.1,935.2,7009.1,-1470.6,1030.0,6896.0,-1582.4,1040.4,6854.5,-1438.1,1023.5,6922.3,-1647.8,1042.0,6852.8,-1627.5,998.3,7059.3,-1750.5,1002.9,7026.4,-1392.5,-422.9,6877.2,-1382.1,-464.6,6903.7,-1434.2,-472.9,6888.9,-1424.2,-464.5,6963.7,-1522.7,-482.7,6942.7,-1403.9,-306.1,7022.7,-1681.2,-337.2,6973.7,-1378.7,-40.7,7082.9,-1839.8,-74.0,7017.6,-1342.2,191.4,7051.9,-1858.8,166.3,6981.0,-1329.3,270.8,7054.2,-1870.7,239.2,6975.9,-1347.9,322.6,7035.5,-1821.6,282.1,6972.4,-1324.2,268.9,7028.2,-1830.1,228.9,6959.0,-1346.4,292.8,7020.8,-1800.2,249.0,6960.9
-1578.1,144.9,6994.6,-1481.9,128.5,7009.5,-1661.5,111.8,6977.8,-1537.1,-119.3,6974.5,-1527.4,553.4,6997.4,-1641.9,546.5,6947.9,-1488.4,-369.4,6942.7,-1589.1,926.9,7019.4,-1723.6,934.2,6980.8,-1465.3,1026.6,6879.8,-1563.3,1036.9,6832.2,-1435.1,1020.6,6908.7,-1619.5,1038.9,6827.6,-1623.4,993.0,7041.5,-1743.8,1002.6,6998.4,-1377.3,-421.4,6851.4,-1367.0,-462.1,6878.3,-1416.7,-470.1,6860.6,-1414.7,-462.1,6937.9,-1501.7,-478.7,6912.4,-1398.8,-306.6,7001.6,-1656.2,-336.3,6941.0,-1376.2,-39.8,7069.1,-1826.7,-78.0,6981.8,-1337.9,191.1,7041.4,-1844.6,163.9,6947.8,-1324.0,270.0,7044.3,-1858.8,236.8,6939.8,-1338.7,322.8,7024.4,-1812.2,280.5,6937.2,-1317.8,268.5,7017.7,-1814.8,227.1,6924.6,-1340.5,293.0,7009.4,-1785.2,247.6,6927.4
-1570.2,144.7,6982.0,-1478.6,127.6,7000.6,-1649.3,111.3,6961.3,-1526.5,-119.4,6960.8,-1524.7,552.9,6991.1,-1630.1,545.4,6932.5,-1475.4,-368.8,6927.1,-1587.7,925.4,7011.6,-1716.2,936.1,6963.8,-1461.5,1024.4,6873.5,-1548.4,1035.1,6821.0,-1434.3,1019.0,6904.9,-1597.9,1037.8,6813.6,-1622.1,990.8,7033.8,-1740.2,1005.1,6981.4,-1363.4,-418.6,6836.8,-1354.1,-459.1,6864.5,-1400.7,-468.1,6844.0,-1408.6,-460.2,6923.9,-1487.0,-476.6,6893.8,-1397.0,-306.2,6991.5,-1637.9,-335.5,6919.3,-1375.8,-38.6,7065.9,-1816.5,-82.6,6956.0,-1336.7,191.0,7041.4,-1833.2,162.0,6924.1,-1322.2,269.5,7045.2,-1849.2,235.3,6913.8,-1333.9,322.7,7024.3,-1804.1,279.6,6912.3,-1314.7,268.1,7018.0,-1802.8,226.0,6900.3,-1337.5,293.0,7008.9,-1773.3,246.8,6904.0
-1564.7,144.8,6973.1,-1476.9,127.3,6995.2,-1640.0,110.9,6948.9,-1519.7,-118.8,6951.4,-1523.7,552.9,6988.0,-1622.0,545.2,6922.0,-1467.4,-367.7,6917.5,-1587.0,925.2,7006.9,-1710.8,940.0,6950.8,-1457.9,1022.0,6870.2,-1535.2,1033.9,6813.7,-1433.9,1017.3,6903.9,-1580.3,1037.8,6804.2,-1621.4,990.8,7028.5,-1738.0,1010.4,6968.2,-1352.4,-415.6,6828.0,-1344.0,-455.8,6856.6,-1388.5,-466.0,6833.9,-1404.6,-457.7,6916.0,-1476.4,-475.0,6882.2,-1396.7,-304.4,6986.6,-1624.0,-335.3,6903.8,-1376.9,-37.2,7066.4,-1808.1,-85.8,6935.6,-1337.1,190.7,7044.5,-1821.5,161.4,6905.0,-1322.4,269.1,7049.1,-1838.1,234.4,6893.1,-1332.5,322.3,7027.5,-1794.8,278.8,6892.7,-1314.2,267.7,7021.6,-1788.7,225.6,6881.1,-1336.9,292.5,7011.7,-1760.5,246.3,6885.6
-1562.3,145.1,6973.4,-1477.9,127.2,6998.9,-1633.9,110.5,6945.6,-1515.9,-118.2,6951.5,-1525.1,553.4,6993.6,-1617.6,545.7,6920.9,-1462.7,-367.0,6917.5,-1588.5,925.9,7011.3,-1708.6,944.2,6946.9,-1456.5,1020.5,6875.6,-1527.4,1034.0,6815.4,-1435.4,1016.5,6911.5,-1569.9,1039.0,6804.1,-1623.2,991.7,7032.5,-1738.6,1016.2,6964.1,-1344.6,-413.3,6828.6,-1337.6,-453.2,6858.2,-1380.0,-464.2,6833.5,-1402.8,-455.7,6917.7,-1469.0,-473.8,6880.6,-1398.2,-302.7,6991.3,-1614.4,-335.8,6898.1,-1381.1,-35.7,7075.9,-1801.5,-90.8,6924.7,-1339.2,190.6,7056.1,-1813.0,160.1,6895.3,-1324.1,269.3,7061.2,-1829.8,233.3,6882.5,-1332.5,322.5,7038.9,-1788.1,278.3,6883.3,-1314.7,267.5,7033.3,-1779.1,224.9,6871.8,-1337.3,292.4,7022.8,-1751.9,245.9,6877.0
-1559.4,145.8,6973.8,-1478.4,127.3,7002.4,-1627.7,110.5,6942.6,-1510.7,-117.5,6951.5,-1526.6,554.2,6999.0,-1615.8,546.9,6920.8,-1456.1,-366.2,6917.1,-1590.5,927.0,7015.6,-1707.3,948.4,6944.7,-1455.5,1020.0,6881.4,-1525.0,1034.4,6817.8,-1437.0,1016.4,6919.2,-1566.6,1040.6,6804.9,-1625.4,992.8,7036.4,-1739.7,1021.5,6961.5,-1338.8,-411.3,6828.8,-1332.0,-450.7,6859.1,-1373.6,-462.5,6832.6,-1398.2,-453.6,6918.8,-1461.1,-472.4,6878.8,-1398.5,-300.9,6995.4,-1602.9,-336.0,6892.2,-1385.1,-34.1,7084.2,-1795.1,-93.2,6913.8,-1340.7,190.6,7066.5,-1803.4,159.9,6885.4,-1325.2,269.5,7072.1,-1820.4,232.8,6872.3,-1331.5,322.6,7049.5,-1780.4,278.0,6874.5,-1313.6,267.5,7043.9,-1768.9,224.8,6862.7,-1335.7,292.2,7033.0,-1743.0,245.8,6868.7
-1556.4,146.5,6968.4,-1478.3,127.3,7000.1,-1621.2,110.4,6933.8,-1506.8,-117.2,6946.1,-1527.0,554.2,6998.7,-1615.0,547.5,6915.8,-1451.3,-365.7,6912.1,-1591.1,927.0,7014.5,-1705.2,949.7,6937.7,-1451.8,1018.9,6883.3,-1521.6,1034.1,6816.1,-1437.3,1015.4,6923.0,-1561.9,1041.1,6801.2,-1626.2,992.8,7034.9,-1739.7,1022.6,6954.2,-1331.8,-408.9,6825.1,-1327.3,-448.0,6856.1,-1364.8,-460.8,6827.8,-1394.9,-452.3,6915.5,-1451.6,-471.6,6872.4,-1398.8,-299.5,6994.8,-1592.2,-336.5,6881.5,-1388.8,-33.2,7086.9,-1786.6,-95.4,6897.4,-1341.6,190.5,7071.3,-1792.8,159.1,6868.5,-1326.0,269.1,7077.3,-1809.8,231.8,6855.3,-1329.3,322.4,7054.3,-1771.7,277.3,6858.7,-1311.2,267.3,7049.1,-1758.5,224.3,6846.8,-1332.4,291.9,7037.7,-1733.7,245.4,6853.4
-1552.0,147.0,6959.5,-1477.0,127.1,6993.8,-1614.4,110.2,6921.9,-1501.5,-116.8,6937.2,-1526.2,554.0,6994.5,-1613.7,548.2,6907.1,-1444.6,-364.9,6903.5,-1590.5,926.5,7009.8,-1702.5,950.3,6927.2,-1446.6,1017.9,6881.4,-1519.5,1033.3,6810.4,-1436.3,1014.5,6922.8,-1559.0,1040.5,6793.6,-1625.8,992.1,7029.7,-1738.3,1022.9,6943.4,-1325.0,-407.3,6817.6,-1321.6,-445.5,6849.3,-1356.8,-459.3,6819.4,-1389.4,-450.5,6908.6,-1442.7,-470.5,6862.8,-1397.8,-297.9,6990.2,-1582.0,-336.7,6868.0,-1389.8,-32.4,7084.5,-1776.9,-96.6,6879.0,-1340.5,190.2,7070.2,-1782.3,158.3,6849.0,-1324.6,268.3,7076.7,-1800.0,230.9,6835.7,-1325.1,322.2,7053.5,-1763.4,276.7,6840.1,-1307.3,266.4,7048.4,-1748.8,223.9,6828.1,-1327.7,291.6,7036.6,-1724.8,244.9,6835.3
-1549.2,148.0,6955.8,-1476.8,127.2,6992.7,-1609.7,110.2,6915.3,-1497.5,-116.2,6933.5,-1526.6,554.5,6995.4,-1613.5,549.0,6903.7,-1438.8,-363.9,6899.8,-1591.2,926.7,7010.4,-1701.4,951.1,6922.6,-1443.1,1017.7,6885.7,-1519.7,1033.3,6810.3,-1436.3,1014.2,6928.6,-1558.5,1040.8,6791.6,-1626.8,992.3,7029.7,-1738.2,1023.1,6938.7,-1320.7,-405.6,6814.5,-1316.7,-442.5,6846.9,-1351.2,-458.0,6815.6,-1383.7,-448.5,6906.4,-1436.0,-469.8,6858.1,-1397.6,-295.8,6990.4,-1572.1,-336.7,6859.4,-1391.3,-31.5,7087.8,-1769.0,-97.8,6866.0,-1340.0,189.6,7075.1,-1775.2,157.4,6834.5,-1323.7,267.2,7082.4,-1792.9,230.1,6820.7,-1322.5,321.7,7058.6,-1755.5,276.3,6825.9,-1304.6,265.2,7053.7,-1741.1,223.3,6814.0,-1324.5,290.9,7041.6,-1716.7,244.5,6821.6
-1546.1,148.6,6949.1,-1475.7,127.3,6988.2,-1605.4,110.2,6906.2,-1492.5,-115.4,6926.6,-1526.2,554.3,6992.9,-1612.3,548.9,6897.4,-1431.2,-362.7,6892.6,-1591.3,926.4,7007.3,-1699.5,950.7,6914.5,-1438.9,1017.0,6885.5,-1518.4,1032.6,6805.9,-1434.8,1013.4,6929.7,-1556.7,1040.1,6785.6,-1627.3,991.9,7026.0,-1737.3,1022.8,6930.2,-1312.8,-403.0,6807.8,-1308.3,-439.3,6840.8,-1343.0,-456.0,6807.9,-1376.1,-446.4,6900.4,-1428.6,-468.2,6849.9,-1395.3,-294.6,6986.7,-1563.2,-336.1,6847.9,-1391.0,-30.9,7086.8,-1760.7,-98.5,6851.5,-1338.1,188.7,7075.5,-1769.3,156.6,6819.0,-1321.3,266.2,7083.2,-1787.1,229.4,6804.6,-1318.6,321.2,7059.0,-1748.5,275.8,6810.7,-1300.8,264.1,7054.1,-1735.0,222.8,6798.7,-1320.2,290.2,7041.9,-1710.2,244.1,6806.6
-1542.5,150.2,6944.4,-1474.7,127.9,6985.7,-1600.3,110.7,6899.1,-1487.3,-114.3,6921.9,-1526.1,554.8,6992.2,-1611.3,549.5,6892.8,-1423.9,-361.4,6888.0,-1591.9,926.5,7006.7,-1698.2,951.0,6908.9,-1436.6,1016.7,6887.9,-1517.6,1032.4,6803.5,-1434.0,1013.0,6933.2,-1555.4,1040.2,6781.7,-1628.2,992.0,7024.9,-1736.8,1023.2,6924.2,-1303.4,-401.2,6804.1,-1299.5,-437.4,6837.7,-1333.6,-454.1,6803.3,-1369.8,-444.7,6897.0,-1420.9,-466.7,6844.6,-1393.0,-292.5,6985.4,-1554.3,-336.0,6839.2,-1391.2,-30.0,7088.3,-1752.4,-99.2,6839.6,-1336.7,187.8,7079.3,-1763.7,156.1,6805.2,-1319.9,265.2,7087.6,-1782.1,228.9,6790.1,-1315.3,320.2,7063.2,-1743.2,275.6,6796.7,-1297.8,262.9,7058.4,-1729.7,222.5,6785.1,-1316.3,289.0,7046.1,-1704.7,244.1,6793.3
-1541.8,149.7,6931.6,-1484.3,130.9,6975.7,-1601.8,116.1,6884.1,-1489.2,-111.0,6907.0,-1524.4,553.6,6981.5,-1608.5,551.5,6878.3,-1425.5,-358.7,6869.7,-1592.7,925.7,7001.6,-1695.5,948.8,6896.5,-1435.7,1015.8,6882.8,-1508.6,1031.0,6793.4,-1431.3,1011.8,6929.2,-1550.5,1040.4,6769.3,-1631.7,991.4,7020.3,-1741.4,1022.3,6913.1,-1292.2,-395.1,6785.2,-1290.4,-435.4,6818.9,-1321.8,-448.1,6782.6,-1356.3,-445.1,6879.3,-1408.1,-465.5,6820.9,-1390.7,-293.7,6971.4,-1553.3,-333.4,6813.8,-1394.2,-30.5,7074.6,-1746.6,-99.6,6814.3,-1332.5,186.5,7064.7,-1756.0,155.7,6777.9,-1315.8,263.8,7076.5,-1773.6,228.1,6763.4,-1309.8,319.1,7051.5,-1736.1,275.3,6771.3,-1291.2,261.6,7046.2,-1721.8,222.2,6758.7,-1305.1,287.7,7034.1,-1699.4,245.2,6767.0
-1540.9,151.1,6937.2,-1483.9,131.6,6983.0,-1597.1,117.1,6887.8,-1484.8,-110.4,6912.4,-1524.8,554.5,6990.5,-1608.3,554.3,6883.5,-1418.4,-358.2,6875.2,-1594.9,926.8,7010.7,-1696.2,950.2,6901.2,-1435.9,1016.8,6895.1,-1509.7,1032.5,6800.4,-1431.9,1012.8,6942.2,-1550.4,1042.1,6775.3,-1634.4,992.5,7029.0,-1741.2,1023.4,6916.6,-1286.3,-394.5,6791.6,-1285.9,-434.8,6825.7,-1315.2,-447.4,6788.4,-1354.3,-444.7,6885.9,-1401.4,-464.8,6826.1,-1387.8,-293.4,6979.4,-1542.5,-333.6,6816.7,-1394.2,-30.0,7084.6,-1739.0,-98.8,6815.0,-1332.9,186.7,7077.0,-1749.3,156.0,6778.6,-1315.6,263.3,7088.8,-1768.0,228.4,6764.5,-1307.8,317.8,7064.1,-1732.1,277.4,6772.4,-1291.0,260.7,7059.0,-1716.8,224.0,6760.3,-1305.1,286.4,7046.6,-1695.1,248.0,6769.3
-1533.9,152.5,6928.9,-1478.5,132.4,6976.3,-1586.2,118.7,6877.7,-1475.7,-109.4,6904.2,-1511.7,554.1,6984.5,-1602.9,554.5,6874.3,-1409.2,-356.7,6867.3,-1592.8,925.7,7005.1,-1693.0,949.0,6892.1,-1430.9,1015.9,6891.9,-1507.2,1031.9,6793.7,-1426.8,1011.9,6939.4,-1546.8,1041.3,6767.7,-1632.2,991.5,7023.1,-1737.3,1022.1,6906.5,-1278.6,-392.7,6784.7,-1279.0,-432.4,6819.4,-1306.9,-445.7,6781.0,-1349.0,-442.9,6879.2,-1393.3,-463.2,6817.9,-1382.5,-291.7,6973.9,-1529.9,-333.0,6806.2,-1392.6,-29.0,7080.5,-1726.0,-97.7,6802.5,-1330.8,186.9,7075.1,-1737.1,156.8,6765.1,-1313.5,262.7,7086.3,-1755.9,229.0,6751.1,-1305.2,316.1,7062.0,-1720.5,279.3,6759.1,-1289.0,259.7,7057.1,-1704.5,226.3,6747.5,-1303.5,284.9,7044.3,-1683.2,250.7,6756.8
-1525.2,153.2,6924.9,-1469.1,133.0,6973.9,-1575.0,118.9,6872.0,-1465.0,-108.7,6900.5,-1486.5,553.8,6981.1,-1595.5,553.9,6868.5,-1399.1,-355.4,6863.8,-1590.9,924.4,7002.2,-1690.2,948.1,6885.3,-1424.9,1015.6,6890.8,-1505.4,1031.7,6790.1,-1420.6,1011.6,6938.7,-1543.7,1040.7,6763.1,-1630.4,989.7,7019.9,-1734.7,1020.8,6899.3,-1269.7,-391.5,6782.1,-1269.7,-430.8,6817.3,-1297.6,-444.6,6777.8,-1342.0,-441.2,6876.8,-1385.2,-461.8,6814.3,-1375.5,-290.0,6972.7,-1518.1,-332.6,6800.1,-1391.4,-27.2,7080.7,-1712.7,-97.3,6794.1,-1329.5,187.2,7076.3,-1723.6,158.1,6754.5,-1312.3,262.7,7086.6,-1742.7,230.2,6739.6,-1304.3,315.1,7062.0,-1706.9,281.7,6747.7,-1288.3,259.3,7057.7,-1690.2,228.7,6736.8,-1303.2,284.1,7044.4,-1668.8,253.3,6746.2
-1511.5,153.7,6910.6,-1452.7,133.3,6961.1,-1560.2,118.9,6856.4,-1449.4,-107.5,6886.3,-1443.5,552.7,6967.2,-1584.8,553.6,6853.2,-1384.5,-353.4,6849.6,-1582.6,919.3,6990.6,-1685.8,946.5,6868.9,-1416.9,1014.0,6881.0,-1501.6,1030.8,6777.4,-1411.3,1009.9,6929.3,-1539.6,1039.4,6749.1,-1626.0,982.9,7008.2,-1730.4,1018.8,6882.9,-1256.8,-390.1,6769.2,-1256.7,-429.1,6804.6,-1284.8,-443.2,6763.9,-1331.2,-439.0,6863.7,-1373.9,-459.9,6799.8,-1362.9,-287.7,6960.4,-1502.2,-331.6,6783.4,-1385.5,-24.7,7069.5,-1696.5,-95.5,6775.8,-1326.0,187.2,7065.9,-1702.9,162.2,6735.0,-1309.2,262.8,7075.3,-1720.2,234.2,6718.9,-1302.0,314.9,7050.4,-1684.3,286.2,6727.5,-1285.8,259.5,7046.6,-1668.9,233.2,6716.6,-1301.2,283.9,7033.0,-1647.3,257.4,6726.2
-1496.5,154.2,6900.4,-1435.7,133.5,6952.2,-1543.8,118.8,6844.8,-1434.1,-107.0,6876.4,-1403.4,551.3,6956.3,-1572.5,552.9,6842.0,-1371.2,-352.7,6840.0,-1561.8,915.3,6980.9,-1681.9,944.8,6857.5,-1394.7,1013.0,6872.2,-1497.8,1029.5,6768.8,-1387.1,1009.0,6920.7,-1535.5,1037.8,6739.4,-1611.4,978.2,6998.6,-1727.4,1016.9,6871.8,-1242.0,-389.3,6761.6,-1244.1,-428.3,6797.3,-1267.9,-442.5,6755.3,-1320.3,-438.3,6855.3,-1358.5,-459.4,6789.9,-1352.8,-286.2,6952.9,-1484.3,-330.9,6771.2,-1380.2,-22.3,7062.6,-1679.5,-92.1,6763.0,-1323.8,187.9,7059.5,-1679.3,166.3,6721.6,-1308.1,262.8,7067.7,-1693.4,239.2,6704.7,-1301.7,314.6,7042.2,-1655.9,290.7,6713.2,-1285.3,259.5,7039.0,-1641.1,237.5,6702.6,-1300.7,283.5,7025.1,-1618.9,260.9,6712.5
-1481.5,155.4,6901.2,-1421.7,134.3,6954.9,-1525.6,120.0,6843.7,-1420.3,-106.4,6877.6,-1375.7,550.7,6957.6,-1563.3,553.8,6842.4,-1359.6,-352.6,6841.3,-1520.5,912.8,6982.6,-1681.4,944.7,6857.7,-1349.6,1013.6,6875.4,-1497.0,1029.4,6770.7,-1341.2,1009.5,6923.9,-1534.8,1037.4,6740.2,-1576.3,975.9,7000.5,-1727.6,1016.9,6872.4,-1229.0,-389.0,6765.2,-1233.6,-428.2,6801.4,-1252.7,-442.4,6758.0,-1312.2,-438.5,6858.0,-1343.4,-459.6,6791.0,-1346.8,-285.8,6956.7,-1468.6,-330.9,6769.6,-1378.3,-20.1,7067.9,-1658.3,-87.1,6759.4,-1324.8,189.5,7064.9,-1648.8,170.1,6717.3,-1310.1,263.2,7072.4,-1663.5,243.1,6700.1,-1303.7,314.3,7046.0,-1627.0,294.2,6708.2,-1287.3,259.8,7043.2,-1610.1,240.8,6698.5,-1302.6,283.4,7029.1,-1589.4,263.9,6708.7
-1464.3,155.9,6905.1,-1405.8,134.8,6960.8,-1507.2,121.1,6845.8,-1404.3,-105.8,6881.6,-1352.9,550.2,6961.3,-1554.2,553.6,6845.2,-1343.4,-352.2,6845.1,-1461.7,915.0,6986.6,-1682.0,945.5,6860.3,-1278.0,1014.2,6879.1,-1496.6,1029.4,6771.7,-1273.7,1010.2,6927.9,-1534.8,1037.5,6741.5,-1518.0,979.1,7005.5,-1728.3,1017.7,6875.0,-1211.5,-388.5,6770.6,-1217.3,-428.1,6807.0,-1235.9,-441.8,6762.4,-1299.2,-438.6,6862.8,-1327.7,-459.2,6794.2,-1335.0,-285.9,6962.7,-1450.2,-330.6,6770.8,-1372.8,-19.6,7075.5,-1637.9,-83.1,6760.1,-1325.6,190.4,7072.4,-1621.1,173.2,6717.5,-1311.9,263.6,7079.7,-1636.3,246.7,6700.2,-1305.2,313.5,7052.1,-1601.7,298.8,6708.5,-1288.9,259.9,7049.8,-1583.3,244.1,6698.9,-1304.0,282.6,7035.5,-1563.5,267.2,6709.3
-1446.5,157.7,6909.7,-1391.7,136.4,6967.4,-1486.3,123.6,6848.3,-1388.0,-104.6,6886.3,-1330.2,550.1,6965.9,-1546.9,555.4,6849.4,-1327.8,-351.6,6850.7,-1389.4,916.1,6990.3,-1683.1,946.2,6866.7,-1188.5,1013.4,6881.1,-1497.3,1029.8,6777.2,-1185.4,1008.4,6930.2,-1535.4,1038.3,6747.7,-1441.2,984.1,7007.1,-1729.9,1018.6,6881.7,-1194.0,-387.9,6778.9,-1202.3,-427.6,6815.5,-1215.7,-441.4,6769.6,-1285.0,-438.4,6870.1,-1306.5,-458.8,6799.5,-1325.0,-284.8,6970.8,-1426.3,-329.8,6773.6,-1369.0,-18.3,7084.0,-1615.9,-78.8,6761.8,-1327.1,190.8,7080.0,-1592.5,177.2,6719.1,-1313.5,263.8,7087.2,-1600.8,252.8,6702.0,-1306.5,311.0,7058.5,-1562.4,304.0,6711.0,-1290.8,259.2,7056.7,-1546.8,248.5,6701.1,-1305.5,280.3,7042.1,-1526.7,270.8,6712.4
-1423.8,160.2,6902.4,-1372.7,138.9,6961.7,-1462.5,128.2,6839.6,-1366.0,-102.3,6878.4,-1307.1,550.0,6958.3,-1539.7,558.0,6844.4,-1306.9,-349.6,6843.2,-1306.4,919.7,6981.6,-1682.7,946.0,6864.0,-1095.3,1009.6,6870.3,-1495.9,1029.0,6774.5,-1091.0,1003.5,6919.9,-1534.0,1038.0,6745.9,-1347.7,996.8,6996.4,-1729.8,1018.3,6879.2,-1173.4,-383.9,6773.1,-1181.8,-424.4,6809.7,-1192.6,-436.4,6763.5,-1263.4,-436.8,6863.7,-1278.7,-455.2,6791.6,-1307.4,-284.3,6965.0,-1401.3,-326.9,6764.1,-1359.5,-16.4,7078.0,-1585.1,-71.7,6752.2,-1325.0,191.3,7073.8,-1554.6,182.9,6709.3,-1312.6,263.6,7081.7,-1558.9,260.8,6692.5,-1305.4,309.3,7052.3,-1516.1,309.7,6702.9,-1290.1,258.7,7050.7,-1506.2,253.8,6692.8,-1304.3,279.0,7036.2,-1483.9,275.0,6704.1
-1393.5,163.8,6868.6,-1345.6,142.1,6929.1,-1427.2,132.5,6804.7,-1335.7,-99.0,6844.9,-1279.7,547.4,6923.6,-1526.6,558.7,6812.3,-1277.8,-344.3,6811.2,-1226.0,920.2,6945.1,-1675.6,941.9,6834.5,-1010.1,997.4,6834.6,-1488.0,1023.9,6746.0,-1008.6,989.1,6884.3,-1525.8,1033.7,6718.1,-1257.3,1003.3,6957.8,-1723.1,1014.0,6850.6,-1146.4,-377.6,6742.9,-1154.3,-417.9,6779.3,-1165.9,-429.8,6732.7,-1236.3,-431.2,6832.6,-1251.0,-447.7,6759.7,-1281.9,-281.1,6933.8,-1366.6,-321.7,6730.2,-1339.4,-13.7,7044.8,-1546.7,-65.7,6717.0,-1315.9,192.8,7040.3,-1510.9,186.1,6674.4,-1306.2,263.2,7048.7,-1516.8,264.3,6657.9,-1298.6,307.8,7018.8,-1477.0,312.5,6669.4,-1283.8,257.8,7017.5,-1464.5,256.9,6658.9,-1296.7,277.9,7003.1,-1442.8,277.6,6670.0
-1356.9,164.3,6827.3,-1312.6,141.4,6889.6,-1388.1,131.8,6762.1,-1301.1,-95.8,6803.3,-1247.4,545.1,6883.3,-1511.6,558.0,6771.1,-1242.1,-341.4,6769.5,-1166.0,920.7,6905.1,-1666.0,937.0,6794.7,-944.5,977.1,6798.0,-1476.8,1015.4,6706.6,-944.8,968.9,6847.1,-1515.3,1027.4,6678.7,-1190.8,1008.7,6917.5,-1714.2,1008.3,6811.8,-1116.5,-373.0,6703.0,-1123.3,-413.9,6739.6,-1135.5,-425.5,6692.3,-1198.6,-427.3,6792.5,-1211.4,-443.2,6718.1,-1253.0,-279.7,6894.3,-1324.6,-318.5,6685.6,-1325.9,-15.1,7004.3,-1514.1,-65.8,6670.6,-1311.2,190.9,7002.7,-1474.1,187.1,6630.6,-1312.0,260.5,7010.8,-1475.3,263.5,6615.0,-1302.8,297.1,6980.8,-1442.8,309.6,6628.0,-1292.0,252.7,6980.6,-1429.4,257.2,6616.5,-1296.6,269.6,6966.0,-1411.5,276.1,6627.8
-1330.6,168.7,6823.0,-1290.0,146.1,6887.3,-1361.2,136.3,6756.2,-1275.2,-89.8,6799.3,-1216.4,545.4,6880.4,-1495.4,557.3,6767.8,-1216.6,-334.9,6766.4,-1119.1,925.1,6899.6,-1664.9,936.3,6791.2,-906.2,968.6,6795.2,-1475.6,1014.7,6703.4,-907.2,961.1,6844.1,-1513.6,1026.5,6675.4,-1143.9,1015.8,6909.7,-1713.5,1007.7,6808.4,-1085.9,-366.0,6702.1,-1096.4,-407.1,6739.0,-1104.8,-418.3,6690.4,-1174.1,-421.0,6791.0,-1184.3,-436.7,6714.3,-1230.1,-275.5,6893.7,-1295.2,-312.2,6679.1,-1303.2,-13.0,7004.4,-1477.7,-59.0,6662.0,-1311.1,191.0,7004.0,-1427.9,192.4,6622.3,-1310.5,259.9,7012.5,-1430.5,267.4,6607.7,-1301.9,293.7,6981.6,-1399.3,311.9,6622.2,-1291.3,251.6,6982.6,-1385.7,261.0,6609.9,-1296.1,267.0,6967.6,-1369.5,278.7,6621.6
-1304.5,173.6,6834.2,-1267.3,150.3,6900.5,-1332.0,140.8,6765.6,-1246.7,-85.1,6811.1,-1186.5,547.4,6893.5,-1477.3,559.4,6778.2,-1187.7,-329.5,6779.5,-1104.8,930.6,6911.5,-1667.0,937.9,6802.5,-895.8,976.1,6808.2,-1478.3,1017.1,6716.7,-893.8,968.6,6857.0,-1515.4,1028.4,6688.4,-1132.4,1021.4,6920.0,-1716.4,1009.4,6820.1,-1056.0,-361.8,6716.9,-1066.3,-402.4,6754.2,-1075.0,-414.0,6704.3,-1146.4,-414.7,6805.7,-1157.4,-430.8,6727.2,-1203.4,-270.5,6909.1,-1264.2,-306.5,6688.9,-1277.2,-12.5,7020.1,-1438.4,-56.1,6669.5,-1307.9,190.4,7020.7,-1386.0,194.6,6629.6,-1312.3,253.6,7030.1,-1390.0,270.8,6614.5,-1303.8,281.2,6999.1,-1354.6,316.2,6629.9,-1293.1,243.9,7000.7,-1339.7,264.1,6617.3,-1294.5,256.6,6985.5,-1325.0,282.0,6629.1
-1274.9,176.9,6840.9,-1237.8,153.2,6908.7,-1298.9,143.7,6771.0,-1216.3,-81.2,6818.5,-1153.9,550.1,6901.9,-1442.0,560.3,6784.3,-1155.2,-325.1,6787.9,-1097.1,935.7,6919.2,-1665.7,938.0,6807.7,-894.2,980.4,6818.3,-1478.7,1018.3,6723.2,-890.1,973.4,6866.5,-1515.7,1029.1,6694.5,-1130.4,1025.5,6926.3,-1717.4,1008.3,6825.2,-1025.2,-358.9,6726.8,-1036.1,-398.7,6764.6,-1044.4,-411.7,6713.7,-1117.2,-409.4,6815.5,-1127.2,-426.9,6735.5,-1176.0,-266.2,6919.0,-1230.7,-302.0,6694.9,-1251.9,-12.1,7029.4,-1404.0,-53.0,6674.0,-1291.1,188.0,7030.6,-1347.4,195.2,6634.6,-1298.4,247.2,7041.1,-1345.2,271.7,6618.5,-1290.2,271.7,7010.1,-1311.2,316.0,6635.5,-1281.1,236.1,7012.0,-1298.8,263.9,6622.4,-1277.3,247.2,6996.7,-1283.7,281.3,6634.6
-1243.6,179.0,6851.3,-1205.3,156.6,6920.1,-1267.4,145.3,6780.5,-1182.7,-79.4,6830.1,-1120.9,555.4,6913.1,-1401.0,563.1,6790.3,-1124.0,-322.4,6801.6,-1094.6,942.2,6930.0,-1662.9,935.8,6813.1,-890.6,988.0,6831.4,-1478.8,1019.6,6729.9,-885.7,978.9,6879.4,-1516.1,1029.9,6701.1,-1132.2,1030.1,6935.7,-1718.8,1002.6,6830.9,-994.6,-355.5,6743.7,-1006.0,-395.6,6781.4,-1010.1,-408.6,6729.6,-1085.1,-406.3,6830.7,-1092.4,-424.8,6748.9,-1142.7,-262.5,6933.7,-1200.3,-300.1,6706.5,-1213.4,-11.2,7041.5,-1364.8,-51.7,6683.4,-1258.0,185.1,7041.8,-1309.8,194.2,6644.2,-1264.8,241.9,7052.7,-1313.5,270.8,6627.7,-1258.7,266.2,7021.6,-1280.0,315.4,6645.5,-1250.0,231.7,7023.7,-1265.1,262.9,6632.2,-1245.7,242.5,7008.3,-1249.4,280.6,6644.6
-1204.7,177.9,6835.3,-1167.6,157.9,6904.6,-1224.2,144.5,6764.1,-1144.3,-79.1,6815.3,-1093.3,557.5,6897.7,-1341.5,566.3,6770.7,-1088.8,-320.7,6789.2,-1087.8,942.9,6913.3,-1642.4,920.3,6795.1,-885.5,994.0,6816.9,-1473.3,1017.5,6712.5,-880.8,983.4,6864.6,-1511.3,1027.0,6683.8,-1128.9,1029.0,6917.3,-1710.2,973.7,6813.5,-956.4,-353.4,6733.4,-968.0,-393.5,6770.8,-972.2,-406.2,6719.0,-1049.4,-404.3,6819.3,-1054.2,-423.2,6736.6,-1107.6,-261.4,6921.0,-1163.3,-299.3,6692.7,-1175.7,-11.6,7025.9,-1328.5,-54.5,6667.8,-1216.0,178.6,7025.3,-1274.4,192.0,6628.7,-1222.4,233.0,7036.1,-1272.5,268.3,6611.8,-1213.7,256.0,7004.5,-1235.6,313.2,6631.1,-1205.8,221.9,7007.4,-1220.0,260.8,6616.9,-1202.5,231.9,6991.9,-1204.7,278.9,6629.6
-1172.0,178.4,6844.7,-1136.0,159.6,6914.9,-1188.6,145.3,6773.1,-1113.5,-79.4,6826.2,-1070.0,561.7,6906.9,-1272.4,570.4,6777.9,-1059.9,-321.7,6802.3,-1086.4,945.4,6921.8,-1610.2,891.4,6805.5,-885.7,1002.2,6827.8,-1474.3,1020.0,6725.5,-881.2,991.6,6875.4,-1512.3,1028.0,6696.7,-1130.1,1030.0,6924.9,-1694.8,923.5,6824.7,-929.2,-354.2,6747.4,-940.0,-393.9,6785.0,-946.8,-407.0,6732.8,-1021.4,-405.1,6833.2,-1027.5,-424.5,6749.7,-1081.1,-262.6,6934.2,-1130.6,-301.3,6704.0,-1149.2,-12.0,7036.6,-1301.5,-56.0,6677.8,-1187.0,174.8,7034.0,-1244.0,190.7,6639.8,-1190.8,228.8,7044.6,-1242.6,267.4,6623.0,-1180.9,252.5,7012.4,-1208.6,309.8,6643.9,-1172.2,217.5,7015.9,-1194.6,258.1,6628.5,-1170.4,227.6,7000.1,-1179.1,274.1,6641.6
-1141.9,178.1,6879.5,-1107.7,159.3,6950.5,-1158.2,145.4,6807.3,-1084.4,-81.3,6862.0,-1058.7,567.5,6940.8,-1208.3,574.5,6811.7,-1036.6,-325.0,6840.2,-1090.3,951.0,6955.2,-1565.5,870.1,6842.4,-888.6,1011.9,6862.1,-1470.9,1026.0,6766.1,-883.9,1002.2,6909.8,-1509.0,1030.1,6737.2,-1134.8,1035.0,6956.8,-1656.3,886.1,6862.0,-906.2,-358.3,6786.2,-918.9,-398.5,6823.9,-924.6,-411.2,6771.1,-999.6,-409.5,6871.6,-1005.2,-428.4,6787.2,-1056.2,-265.9,6972.4,-1101.5,-303.9,6739.8,-1126.8,-12.8,7072.2,-1270.5,-59.7,6712.6,-1157.3,169.9,7069.2,-1222.3,184.1,6674.6,-1159.0,224.2,7080.1,-1228.5,262.0,6657.9,-1151.8,248.7,7047.5,-1193.7,304.0,6679.8,-1141.4,213.2,7051.8,-1177.4,252.0,6663.5,-1140.4,223.8,7035.7,-1161.0,267.3,6676.7
-1117.7,178.1,6906.1,-1085.8,158.4,6978.1,-1133.0,145.0,6833.2,-1061.1,-82.5,6889.4,-1049.7,567.7,6967.1,-1142.4,575.3,6838.0,-1017.0,-327.5,6868.9,-1094.6,954.8,6978.9,-1507.4,852.9,6872.4,-891.3,1018.8,6886.4,-1428.7,1028.8,6800.2,-886.3,1010.1,6934.3,-1467.5,1026.2,6770.3,-1140.7,1038.2,6979.0,-1592.4,862.6,6892.4,-886.6,-360.2,6815.8,-898.1,-401.1,6853.6,-904.1,-413.1,6800.1,-979.9,-412.5,6900.7,-984.0,-431.2,6815.4,-1038.3,-267.5,7001.9,-1080.4,-305.9,6766.6,-1105.3,-16.0,7099.9,-1250.9,-65.9,6738.6,-1133.3,164.8,7096.4,-1204.0,175.8,6702.1,-1136.5,219.2,7107.2,-1212.5,254.8,6685.0,-1129.3,243.1,7073.9,-1177.0,297.4,6707.3,-1117.4,207.6,7079.1,-1160.2,244.8,6690.6,-1116.7,218.1,7062.7,-1144.1,260.2,6703.8
-1097.0,171.1,6932.3,-1065.7,153.6,7005.4,-1108.5,138.2,6858.4,-1038.0,-89.4,6916.7,-1042.4,568.4,6992.1,-1072.4,576.1,6862.7,-989.6,-331.2,6897.3,-1094.6,958.1,7000.3,-1433.8,847.6,6902.3,-893.1,1024.1,6908.1,-1356.9,1029.6,6831.6,-887.3,1016.5,6956.0,-1398.6,1022.4,6801.9,-1142.6,1040.7,6998.6,-1512.7,858.4,6923.2,-861.7,-363.1,6845.5,-871.8,-404.3,6883.6,-878.8,-415.7,6829.5,-952.4,-416.2,6930.3,-958.4,-434.1,6844.1,-1010.7,-272.9,7031.1,-1055.1,-309.4,6793.3,-1075.0,-22.8,7128.3,-1229.8,-75.3,6764.2,-1107.4,155.5,7122.5,-1191.6,164.9,6729.0,-1116.9,210.0,7132.4,-1199.7,242.5,6712.4,-1113.7,232.2,7097.9,-1167.1,282.7,6735.1,-1100.5,197.3,7104.5,-1152.3,232.5,6718.5,-1102.2,206.8,7087.7,-1136.6,246.9,6731.6
-1084.3,159.6,7018.2,-1053.1,143.0,7092.0,-1094.6,127.7,6943.4,-1029.5,-99.9,7003.7,-1042.1,574.8,7077.0,-1033.5,580.7,6947.1,-979.6,-339.7,6985.6,-1102.5,969.9,7081.5,-1364.3,862.4,6987.0,-902.2,1036.9,6991.7,-1267.5,1040.5,6920.0,-897.2,1030.5,7040.0,-1306.8,1032.9,6889.1,-1153.7,1052.0,7078.7,-1440.9,880.0,7008.7,-848.7,-372.3,6934.8,-858.2,-414.3,6973.2,-865.3,-425.1,6918.6,-940.1,-426.5,7019.9,-946.6,-443.7,6932.5,-996.6,-280.8,7120.6,-1047.4,-317.5,6880.0,-1059.7,-33.7,7216.0,-1221.4,-87.0,6849.8,-1097.5,140.8,7207.3,-1186.2,152.0,6815.0,-1108.4,196.7,7216.8,-1188.5,227.7,6799.4,-1108.1,216.5,7180.8,-1157.7,265.5,6823.2,-1095.7,181.9,7188.8,-1149.3,216.0,6805.9,-1099.3,190.4,7171.8,-1132.6,229.3,6819.2
-1064.0,159.0,7025.3,-1038.1,141.9,7100.1,-1075.8,126.0,6950.0,-1013.5,-100.7,7012.2,-1025.9,576.8,7084.1,-986.2,578.7,6948.1,-962.6,-344.6,6994.2,-1098.7,972.5,7090.3,-1277.0,874.5,6989.1,-903.2,1045.2,7006.6,-1145.1,1042.7,6925.4,-901.2,1038.3,7055.0,-1183.3,1038.6,6892.7,-1150.1,1053.1,7090.7,-1360.4,897.0,7009.7,-823.7,-381.7,6945.9,-841.6,-423.9,6984.4,-844.1,-434.1,6928.9,-921.9,-433.5,7030.4,-925.8,-450.3,6940.9,-985.1,-285.3,7130.8,-1026.6,-320.3,6886.2,-1052.2,-39.8,7225.8,-1207.2,-90.8,6854.8,-1077.8,143.7,7217.5,-1164.4,149.4,6821.7,-1086.1,202.4,7226.9,-1169.4,225.6,6805.8,-1082.5,226.4,7190.4,-1134.5,266.6,6828.9,-1068.7,188.7,7200.0,-1126.4,215.1,6811.9,-1070.6,199.1,7182.7,-1107.4,229.6,6824.7
-1043.1,154.5,7101.7,-1015.9,135.4,7178.2,-1056.8,116.3,7025.0,-993.8,-108.6,7090.7,-1038.4,582.3,7160.0,-944.8,573.7,7018.1,-945.6,-352.8,7075.5,-1104.8,981.0,7162.3,-1173.6,885.0,7059.6,-915.5,1056.2,7078.6,-1014.4,1053.9,6994.4,-914.0,1049.3,7127.2,-1054.7,1049.6,6960.7,-1152.9,1052.5,7159.6,-1240.7,917.0,7079.6,-812.8,-398.7,7028.5,-828.8,-438.4,7067.7,-836.2,-450.5,7011.3,-911.0,-443.3,7113.3,-922.7,-460.8,7022.9,-961.7,-289.9,7213.1,-1018.4,-326.8,6964.7,-1017.9,-41.0,7307.4,-1194.4,-98.0,6929.2,-1052.4,148.2,7299.3,-1151.5,146.0,6897.0,-1059.6,206.8,7307.8,-1159.5,224.0,6881.4,-1054.8,230.3,7270.6,-1125.0,266.4,6904.0,-1043.5,193.5,7281.3,-1113.7,213.4,6887.4,-1044.9,203.9,7263.6,-1095.5,228.8,6899.6
-1016.7,148.9,7118.8,-989.6,127.3,7196.3,-1029.2,107.4,7041.1,-969.7,-116.2,7109.6,-1035.9,580.3,7175.8,-903.3,561.8,7029.8,-921.4,-358.7,7096.8,-1108.1,981.2,7174.3,-1077.9,903.4,7069.2,-919.2,1056.0,7092.0,-902.8,1055.7,7005.2,-918.2,1049.9,7140.6,-932.4,1053.2,6969.6,-1153.8,1051.1,7170.8,-1131.4,958.1,7086.1,-791.5,-408.7,7051.9,-807.9,-446.9,7091.4,-814.5,-460.6,7034.8,-889.3,-448.9,7135.8,-901.0,-467.0,7045.2,-936.3,-293.1,7234.2,-995.3,-332.1,6984.7,-991.4,-42.4,7327.2,-1168.9,-103.6,6946.0,-1026.5,148.8,7319.0,-1133.8,144.4,6914.7,-1033.3,207.0,7326.7,-1143.5,223.9,6899.4,-1029.6,229.8,7288.7,-1110.2,266.6,6921.6,-1018.7,194.0,7300.5,-1095.9,213.5,6905.2,-1020.9,204.0,7282.6,-1078.9,229.2,6917.3
-985.8,145.1,7120.1,-957.4,122.7,7198.2,-1001.4,103.1,7041.9,-943.7,-119.2,7112.2,-1028.1,576.4,7176.3,-864.1,553.3,7027.1,-897.3,-360.3,7101.1,-1105.3,979.0,7172.3,-972.9,933.8,7063.4,-914.2,1055.0,7096.2,-777.4,1055.1,7005.6,-918.4,1049.2,7145.4,-791.4,1053.4,6968.3,-1152.0,1051.0,7166.1,-1021.0,1008.7,7075.5,-765.5,-412.1,7057.8,-781.4,-450.4,7097.4,-789.3,-464.4,7040.6,-865.8,-451.7,7141.1,-878.3,-469.8,7050.2,-909.1,-294.1,7238.3,-973.7,-333.6,6988.1,-966.0,-44.8,7330.4,-1140.1,-105.4,6947.2,-1002.2,144.7,7321.1,-1111.3,141.7,6916.3,-1009.1,203.3,7329.6,-1121.0,219.9,6901.4,-1007.0,225.1,7290.8,-1092.6,260.4,6923.6,-997.4,190.1,7303.0,-1077.6,209.2,6907.3,-1000.1,199.9,7285.1,-1062.1,224.4,6919.4
-951.9,140.8,7096.0,-924.1,119.2,7174.3,-966.9,99.7,7017.5,-912.9,-121.0,7088.8,-1011.0,570.5,7150.8,-824.5,548.0,6999.2,-870.4,-360.4,7079.9,-1101.0,974.6,7144.5,-859.3,958.6,7030.7,-908.7,1048.0,7074.8,-653.5,1041.1,6973.8,-916.2,1043.2,7124.0,-663.5,1047.5,6936.1,-1147.9,1047.6,7135.6,-888.3,1042.8,7039.7,-738.3,-410.9,7037.9,-753.9,-449.9,7077.6,-760.0,-463.5,7021.1,-837.9,-451.9,7120.9,-847.2,-469.9,7029.7,-883.5,-294.2,7216.5,-941.2,-333.2,6965.9,-936.3,-45.5,7307.0,-1110.3,-105.7,6923.2,-983.1,142.5,7296.5,-1080.1,142.6,6892.9,-990.0,200.5,7305.5,-1093.2,219.8,6878.5,-987.6,220.8,7266.2,-1068.2,258.8,6901.1,-979.3,187.4,7278.6,-1052.6,208.7,6884.8,-981.6,196.8,7260.9,-1037.2,223.7,6896.9
-918.5,142.0,7072.2,-888.0,121.9,7150.5,-936.0,101.5,6994.0,-880.5,-118.9,7066.2,-994.9,567.9,7122.7,-788.6,547.9,6973.5,-840.8,-358.4,7060.2,-1096.9,970.9,7114.4,-751.9,965.2,6998.4,-902.8,1044.2,7047.9,-550.1,1011.0,6941.7,-912.8,1039.4,7096.0,-561.4,1029.1,6902.2,-1145.0,1043.7,7104.5,-767.6,1054.8,7005.2,-706.7,-409.5,7019.3,-721.2,-448.3,7058.8,-728.0,-462.2,7002.9,-806.8,-450.7,7101.8,-815.6,-469.1,7010.6,-848.7,-292.3,7195.6,-913.1,-332.0,6945.5,-902.8,-43.2,7282.4,-1082.4,-104.6,6901.2,-948.1,144.7,7271.8,-1056.8,143.5,6870.6,-955.9,202.3,7280.5,-1070.8,220.7,6856.1,-950.8,222.9,7240.9,-1043.8,260.3,6878.8,-942.4,189.4,7253.5,-1028.0,210.2,6862.6,-944.5,199.1,7235.7,-1009.7,225.3,6874.3
-881.4,143.3,7027.3,-851.4,123.7,7105.1,-900.4,104.6,6950.0,-846.2,-116.0,7022.0,-972.5,565.1,7073.2,-752.6,547.7,6929.0,-810.5,-355.2,7017.5,-1090.0,964.5,7065.0,-657.5,963.7,6948.8,-895.3,1037.5,7000.4,-462.7,968.5,6893.7,-906.7,1032.5,7047.6,-475.2,994.2,6853.7,-1138.5,1037.4,7055.3,-663.3,1051.7,6951.8,-675.7,-405.0,6977.0,-692.0,-444.4,7016.1,-698.5,-457.3,6960.9,-777.3,-447.6,7058.7,-783.8,-465.0,6968.5,-824.0,-290.2,7151.3,-878.9,-328.8,6902.8,-876.8,-42.0,7234.2,-1053.5,-101.5,6858.7,-913.9,144.3,7222.2,-1030.4,144.5,6827.9,-915.4,201.5,7230.7,-1041.3,221.6,6814.6,-909.6,222.7,7190.3,-1013.5,261.2,6837.0,-903.9,189.1,7203.4,-996.7,211.1,6820.3,-906.3,198.9,7185.6,-978.0,226.1,6832.0
-846.6,143.5,6976.3,-815.2,123.2,7053.2,-867.6,107.1,6899.9,-809.0,-114.4,6971.0,-949.8,561.7,7018.4,-712.9,544.5,6879.7,-775.4,-351.9,6967.5,-1081.7,957.1,7008.3,-581.3,957.9,6899.1,-887.3,1029.6,6945.9,-386.0,936.0,6841.2,-899.7,1024.6,6992.7,-403.1,962.6,6802.6,-1130.0,1032.0,6998.7,-583.0,1042.7,6901.6,-643.9,-400.6,6926.8,-659.9,-439.8,6965.4,-666.5,-452.5,6911.2,-743.4,-443.1,7007.8,-750.3,-460.5,6918.7,-787.4,-287.6,7099.8,-841.4,-326.1,6853.5,-837.9,-38.0,7178.9,-1012.3,-100.1,6810.7,-853.9,151.5,7166.7,-998.0,146.4,6777.8,-853.1,211.1,7174.4,-1012.9,222.2,6765.9,-845.1,232.1,7133.4,-983.9,261.2,6787.9,-839.8,199.1,7147.2,-962.8,212.6,6771.3,-843.3,209.9,7129.2,-944.8,228.5,6783.0
-812.7,143.7,6962.2,-782.1,125.9,7038.5,-829.8,115.7,6886.3,-776.0,-111.9,6956.8,-926.9,560.9,7002.7,-673.5,547.8,6867.6,-743.0,-349.1,6953.7,-1079.0,955.1,6991.5,-544.7,955.6,6885.0,-883.9,1027.5,6931.0,-344.2,923.9,6824.9,-897.7,1022.4,6977.9,-360.4,951.9,6786.8,-1128.4,1032.0,6981.6,-542.9,1040.6,6886.9,-609.2,-399.3,6912.9,-627.4,-438.3,6951.4,-635.7,-451.1,6897.6,-712.2,-441.7,6993.9,-720.5,-459.3,6905.0,-758.3,-286.4,7085.3,-804.1,-321.8,6839.9,-807.5,-31.1,7162.2,-980.0,-97.8,6797.7,-806.1,161.2,7150.5,-968.2,154.6,6763.9,-800.9,224.1,7158.1,-985.7,228.9,6753.5,-790.8,247.0,7115.9,-958.7,269.6,6775.8,-790.2,210.7,7130.3,-938.1,222.0,6758.9,-793.2,223.1,7112.4,-919.5,239.4,6770.7
-780.3,146.8,6944.9,-747.8,130.1,7020.5,-798.4,125.4,6869.6,-742.2,-106.0,6939.2,-902.0,561.2,6985.0,-632.4,552.9,6851.6,-707.8,-342.6,6935.6,-1074.6,953.0,6974.6,-518.4,961.2,6866.6,-881.0,1025.7,6916.4,-318.4,930.5,6806.1,-895.5,1020.7,6963.2,-333.3,955.3,6767.1,-1125.6,1030.3,6964.0,-520.4,1045.9,6868.9,-578.8,-396.2,6895.0,-598.2,-436.0,6933.5,-606.3,-447.2,6880.1,-680.7,-437.6,6976.1,-690.7,-454.3,6887.4,-716.8,-280.9,7066.4,-773.1,-313.1,6823.0,-768.1,-24.7,7141.6,-950.2,-86.6,6782.1,-770.4,169.5,7130.3,-939.3,170.0,6747.3,-767.5,233.8,7138.1,-957.4,244.2,6737.8,-760.0,258.4,7095.5,-930.8,288.7,6760.5,-759.5,221.8,7110.0,-907.0,240.0,6743.3,-761.8,234.7,7092.2,-887.7,259.5,6754.9
-745.9,153.2,6932.6,-711.3,138.2,7007.6,-762.4,134.9,6857.8,-707.0,-99.9,6926.6,-879.7,564.8,6973.4,-590.6,562.6,6841.7,-673.6,-336.8,6922.9,-1070.6,951.6,6963.2,-502.4,968.0,6855.9,-879.1,1024.7,6907.2,-296.0,939.0,6794.9,-893.9,1019.7,6954.1,-309.0,961.7,6756.7,-1123.5,1028.9,6952.2,-514.2,1051.8,6859.6,-545.2,-393.6,6883.3,-565.3,-433.6,6921.6,-572.2,-443.5,6868.5,-645.8,-433.1,6963.8,-654.4,-448.6,6875.0,-684.0,-274.3,7053.4,-738.8,-304.5,6810.9,-730.0,-18.6,7126.8,-908.0,-74.9,6771.4,-737.0,179.4,7116.5,-901.0,182.3,6735.2,-737.3,244.1,7123.8,-924.5,257.1,6726.2,-729.8,270.2,7081.2,-900.4,305.5,6748.6,-724.6,233.5,7095.3,-874.8,255.4,6731.5,-728.1,247.3,7077.9,-858.8,277.4,6743.0
-706.1,168.2,6886.5,-669.5,151.1,6961.3,-727.1,146.4,6811.9,-668.5,-86.9,6880.6,-850.5,572.6,6925.9,-564.2,564.9,6797.8,-635.0,-330.1,6876.0,-1060.1,944.7,6914.2,-479.9,965.1,6810.6,-870.8,1020.8,6861.7,-262.1,933.6,6748.2,-887.8,1014.6,6909.3,-282.0,962.0,6712.2,-1115.9,1020.8,6905.2,-498.3,1046.6,6815.2,-512.8,-391.3,6836.5,-531.7,-430.1,6875.0,-543.5,-440.7,6821.9,-609.5,-425.8,6917.3,-626.8,-443.8,6828.4,-638.7,-264.4,7006.3,-704.5,-295.6,6764.6,-687.5,-7.5,7078.3,-873.4,-60.5,6724.6,-704.3,191.6,7069.0,-870.2,191.7,6689.2,-705.5,257.2,7077.7,-892.8,266.0,6680.5,-697.7,284.5,7036.0,-869.1,316.7,6702.9,-689.8,246.1,7049.4,-846.2,264.8,6685.5,-692.4,261.5,7032.4,-827.7,287.7,6696.9
-665.1,178.0,6873.4,-633.9,158.3,6948.7,-685.9,152.2,6798.7,-628.0,-80.6,6867.6,-796.9,575.6,6914.3,-522.5,563.4,6784.9,-597.7,-325.5,6863.3,-1045.2,935.8,6898.4,-468.5,966.9,6796.9,-869.0,1020.0,6847.3,-257.1,954.6,6731.5,-885.4,1014.0,6895.3,-279.9,982.2,6696.6,-1110.9,1006.4,6890.7,-494.2,1045.5,6801.2,-475.9,-389.6,6824.7,-495.2,-427.5,6862.9,-506.9,-438.2,6809.5,-573.1,-421.6,6904.5,-589.7,-438.7,6815.4,-603.1,-259.6,6993.8,-664.3,-289.2,6751.4,-637.3,5.2,7065.8,-822.1,-49.8,6711.5,-632.9,209.1,7057.7,-814.3,201.3,6674.5,-627.6,276.9,7066.1,-843.5,277.0,6666.9,-613.9,306.0,7024.5,-822.4,329.4,6688.3,-612.4,265.3,7037.6,-794.1,275.7,6671.4,-614.6,281.7,7020.8,-778.4,299.3,6683.0
-630.5,182.0,6894.0,-599.9,160.7,6969.9,-647.1,152.8,6818.8,-593.6,-78.7,6888.9,-740.1,582.1,6935.4,-497.1,565.8,6804.4,-562.7,-323.4,6885.2,-1022.9,919.4,6916.3,-462.7,971.8,6816.0,-871.9,1024.1,6864.5,-255.3,985.5,6746.8,-887.4,1018.1,6912.7,-279.6,1009.4,6713.6,-1101.4,971.1,6910.4,-493.5,1048.1,6820.8,-439.5,-390.5,6847.0,-461.8,-427.7,6885.3,-472.3,-438.6,6831.3,-541.3,-420.0,6926.4,-556.5,-436.8,6837.1,-571.6,-257.0,7016.1,-629.5,-287.0,6772.3,-602.9,10.9,7086.3,-782.4,-38.6,6733.0,-609.2,214.7,7079.7,-772.3,209.7,6695.8,-606.5,281.0,7088.0,-797.8,284.3,6687.4,-597.7,309.6,7046.1,-773.8,334.1,6708.6,-593.2,269.7,7059.5,-750.6,280.9,6692.1,-595.6,284.5,7042.7,-733.8,302.9,6703.6
-593.1,183.3,6914.0,-563.5,160.0,6990.2,-604.5,151.6,6838.4,-557.0,-80.0,6909.0,-670.7,588.2,6955.5,-471.0,569.6,6824.5,-529.1,-325.1,6905.3,-988.1,893.8,6936.2,-458.0,974.8,6838.6,-873.2,1028.1,6884.2,-258.2,1010.3,6764.7,-887.5,1022.0,6932.4,-284.2,1029.0,6733.4,-1076.7,920.4,6931.5,-492.7,1049.2,6842.8,-406.4,-392.1,6867.2,-426.4,-429.4,6905.7,-436.9,-440.3,6851.5,-506.4,-421.2,6946.5,-521.4,-437.7,6857.2,-540.0,-258.3,7036.4,-594.3,-287.3,6792.1,-570.0,8.5,7105.9,-737.7,-36.2,6752.6,-581.9,212.3,7100.7,-717.1,212.9,6714.7,-579.0,276.2,7108.8,-739.9,286.5,6706.1,-572.3,303.3,7066.4,-714.2,334.0,6726.9,-566.7,265.5,7080.2,-694.6,283.0,6710.9,-568.2,279.0,7063.2,-678.1,303.3,6722.4
-557.1,185.6,6941.0,-529.2,163.1,7017.7,-567.1,152.9,6865.1,-522.6,-80.4,6935.9,-600.4,592.3,6984.6,-455.7,576.3,6852.2,-498.1,-327.9,6932.1,-928.0,872.3,6966.4,-457.5,979.2,6869.0,-871.5,1032.8,6911.7,-260.0,1026.1,6792.2,-883.3,1026.2,6960.1,-285.2,1042.6,6761.7,-1015.1,877.5,6961.6,-493.6,1052.5,6872.8,-373.2,-394.0,6894.5,-393.3,-431.4,6933.0,-400.5,-442.3,6878.5,-471.3,-423.7,6973.4,-482.6,-439.7,6883.4,-511.7,-261.6,7063.4,-559.1,-289.3,6818.4,-538.2,6.1,7133.1,-700.6,-38.8,6778.2,-555.6,209.9,7128.4,-674.9,212.8,6740.5,-554.5,273.0,7136.6,-689.1,287.8,6731.0,-546.0,299.8,7094.5,-658.9,334.2,6751.4,-539.8,262.5,7108.0,-642.5,282.9,6735.6,-541.2,275.5,7090.9,-625.6,301.5,6747.1
-520.7,185.9,6968.9,-492.3,164.5,7045.6,-533.6,154.9,6893.1,-488.6,-81.1,6963.7,-524.1,595.4,7015.4,-436.2,582.1,6882.1,-467.0,-330.2,6960.0,-847.8,852.1,6999.0,-457.0,984.5,6902.8,-841.4,1036.8,6945.0,-257.5,1038.0,6824.3,-849.4,1030.2,6993.3,-283.9,1054.1,6793.9,-929.2,850.9,6994.3,-494.9,1057.1,6907.4,-336.8,-395.6,6923.0,-356.7,-433.2,6961.3,-364.5,-444.1,6906.6,-435.3,-426.2,7001.6,-445.7,-442.5,6911.0,-480.5,-263.9,7091.3,-527.0,-292.2,6845.9,-517.1,4.9,7159.5,-660.0,-38.7,6806.1,-530.2,210.4,7156.8,-627.2,215.6,6767.5,-523.8,272.8,7165.6,-639.0,290.5,6756.8,-512.1,299.6,7124.0,-608.1,335.0,6777.5,-505.4,262.1,7137.4,-592.5,284.9,6761.9,-504.6,275.3,7120.1,-575.5,302.5,6773.5
-495.4,184.2,7020.8,-466.9,162.8,7097.6,-507.9,153.3,6944.8,-457.3,-83.4,7015.6,-467.6,597.8,7069.6,-418.8,585.5,6934.7,-435.9,-333.1,7011.8,-771.2,846.8,7054.6,-460.1,992.5,6959.1,-758.1,1044.9,7001.2,-256.8,1051.0,6878.9,-766.8,1037.2,7049.2,-284.4,1066.9,6848.8,-852.3,845.8,7050.5,-501.1,1065.4,6963.7,-302.0,-398.6,6974.8,-323.7,-436.6,7013.2,-332.6,-447.5,6958.0,-404.8,-429.9,7053.6,-416.3,-446.5,6962.5,-449.1,-266.8,7143.6,-493.5,-295.5,6897.3,-487.0,3.2,7211.1,-625.5,-41.3,6857.8,-499.7,209.3,7209.6,-589.8,213.6,6819.1,-493.9,272.9,7218.2,-599.9,289.6,6806.7,-482.9,300.1,7176.8,-567.5,334.6,6827.8,-476.5,261.9,7190.6,-553.4,283.9,6812.4,-475.7,275.5,7173.2,-538.1,301.8,6824.1
-466.9,183.6,7019.2,-438.8,162.1,7095.9,-477.7,152.7,6943.4,-427.8,-84.6,7014.1,-403.6,596.6,7071.4,-394.4,584.3,6935.2,-403.5,-334.6,7010.2,-687.4,845.9,7057.6,-458.7,993.8,6960.3,-637.3,1044.5,7004.0,-255.5,1055.4,6880.8,-648.8,1035.8,7052.4,-281.8,1071.0,6850.6,-765.2,850.8,7054.7,-503.6,1065.5,6964.5,-269.9,-398.6,6973.7,-290.9,-436.6,7011.7,-296.9,-447.5,6956.5,-370.8,-430.0,7051.7,-380.4,-446.6,6960.5,-419.8,-271.5,7141.5,-458.6,-296.1,6895.6,-458.8,2.0,7208.9,-579.4,-43.2,6856.4,-463.0,208.5,7208.8,-537.6,212.6,6817.0,-454.8,269.8,7217.7,-546.5,289.0,6803.2,-441.7,297.3,7176.7,-512.4,334.0,6825.4,-435.3,259.4,7190.8,-498.0,283.2,6809.8,-433.3,272.4,7173.4,-482.5,300.9,6821.6
-435.1,180.0,6994.0,-406.3,158.8,7070.6,-442.9,148.6,6918.2,-395.8,-87.9,6987.9,-317.7,591.3,7048.1,-372.4,583.5,6914.1,-367.9,-336.1,6982.9,-597.3,850.4,7038.2,-454.8,992.0,6939.9,-498.1,1034.6,6986.6,-251.6,1056.3,6862.6,-512.3,1023.7,7035.7,-279.0,1071.6,6831.6,-670.5,862.7,7037.2,-502.9,1062.0,6941.6,-235.3,-397.3,6947.0,-253.1,-435.4,6984.7,-261.4,-446.0,6929.4,-333.2,-429.6,7024.4,-343.9,-446.4,6933.0,-385.0,-276.1,7114.0,-423.3,-297.0,6868.8,-418.5,-2.6,7183.3,-536.8,-43.7,6828.8,-417.8,205.5,7185.2,-487.3,211.0,6789.6,-411.8,263.5,7195.4,-493.4,287.1,6774.3,-401.1,291.0,7156.1,-459.3,332.2,6796.7,-392.1,254.0,7169.5,-440.8,281.9,6781.8,-390.3,266.7,7152.5,-427.7,299.3,6793.7
-411.8,174.0,7027.3,-382.9,153.5,7104.1,-421.7,142.8,6951.3,-371.9,-93.2,7021.3,-259.5,589.0,7081.2,-373.0,588.0,6948.2,-340.3,-341.3,7015.9,-483.7,864.5,7078.8,-454.3,997.7,6974.2,-350.0,1039.3,7024.5,-253.3,1064.6,6898.7,-356.7,1030.0,7073.4,-282.6,1080.8,6865.9,-531.8,870.3,7079.1,-502.1,1068.0,6976.7,-203.5,-399.5,6980.4,-219.6,-438.2,7018.1,-231.0,-448.8,6962.1,-302.3,-434.3,7057.7,-313.5,-451.9,6965.5,-358.6,-282.8,7147.8,-395.4,-301.3,6901.3,-393.3,-10.1,7217.7,-504.2,-44.3,6860.6,-380.3,196.7,7220.6,-441.8,210.4,6820.6,-376.0,253.3,7231.8,-445.9,287.7,6804.7,-364.2,280.6,7192.8,-411.4,332.6,6827.6,-357.6,243.3,7206.8,-396.9,282.5,6812.7,-355.6,255.7,7189.9,-383.1,297.8,6824.5
-383.4,168.9,7050.0,-356.5,150.2,7126.5,-394.5,139.5,6974.4,-342.3,-97.5,7043.9,-216.2,584.2,7103.6,-367.1,590.3,6974.2,-309.4,-346.3,7038.3,-377.1,886.6,7105.5,-453.4,1001.9,6999.6,-232.5,1044.3,7046.0,-250.5,1070.2,6927.5,-224.8,1035.2,7095.4,-283.6,1087.0,6892.9,-414.6,929.1,7109.3,-499.3,1073.1,7003.3,-173.7,-401.6,7003.6,-189.8,-441.1,7040.9,-198.9,-451.0,6984.9,-270.1,-439.3,7080.2,-279.3,-455.9,6987.6,-331.8,-289.0,7170.4,-363.4,-304.9,6923.7,-364.4,-15.7,7239.9,-466.1,-44.7,6883.1,-345.8,190.0,7244.1,-399.5,209.8,6842.3,-337.5,246.5,7255.9,-396.8,288.3,6826.9,-325.8,273.5,7217.5,-361.2,332.4,6849.5,-320.7,236.5,7231.5,-347.4,282.2,6834.6,-318.1,248.3,7214.9,-333.0,296.5,6846.5
-341.0,168.9,7017.5,-311.3,149.8,7094.1,-360.7,139.5,6941.9,-302.3,-97.3,7010.8,-181.9,578.8,7072.8,-358.6,592.8,6944.6,-271.7,-348.7,7004.1,-276.2,920.1,7075.9,-447.9,999.6,6968.5,-108.2,1043.1,7017.5,-250.5,1075.5,6901.9,-102.6,1034.1,7066.4,-284.5,1089.7,6866.1,-313.6,986.5,7081.5,-495.1,1070.2,6973.9,-149.1,-402.1,6968.7,-163.6,-442.6,7006.2,-177.0,-452.7,6950.4,-237.1,-440.9,7046.1,-251.9,-457.9,6953.6,-290.5,-290.6,7136.6,-332.4,-307.1,6889.4,-322.3,-20.3,7206.1,-425.9,-44.3,6847.1,-305.6,188.0,7212.6,-347.2,208.2,6807.2,-301.5,245.1,7225.3,-348.7,286.5,6792.9,-291.2,274.4,7188.6,-314.6,331.1,6815.7,-283.2,236.8,7202.0,-296.8,280.8,6800.0,-280.6,249.5,7186.1,-284.5,295.4,6811.8
-301.7,170.1,6970.1,-277.7,150.4,7046.9,-322.8,140.2,6894.6,-271.4,-95.2,6963.1,-151.1,573.8,7027.8,-341.0,591.9,6898.8,-241.4,-347.3,6955.6,-168.1,940.3,7029.9,-442.8,993.6,6922.8,19.2,1035.9,6969.0,-250.6,1067.8,6859.8,22.5,1027.1,7017.5,-283.6,1081.6,6824.3,-199.2,1016.2,7035.5,-491.4,1063.5,6928.1,-113.1,-400.5,6922.3,-129.2,-440.8,6958.7,-136.7,-450.7,6903.2,-204.0,-439.6,6997.1,-215.4,-455.3,6905.2,-265.9,-288.4,7087.8,-296.9,-305.3,6840.9,-288.1,-18.5,7158.2,-387.3,-43.5,6797.9,-269.1,186.0,7166.7,-305.8,207.0,6758.0,-262.4,243.5,7180.9,-309.8,284.4,6744.3,-248.8,273.0,7144.6,-275.2,328.2,6767.0,-241.2,235.5,7158.3,-260.4,278.3,6751.1,-238.3,247.9,7142.6,-247.9,292.2,6762.9
-267.3,170.6,6953.0,-245.5,150.5,7030.2,-288.6,140.3,6877.3,-236.6,-94.0,6945.5,-126.4,572.4,7013.4,-326.1,593.1,6882.4,-208.0,-345.4,6937.3,-67.4,949.0,7016.2,-442.2,991.3,6906.2,128.0,1023.3,6954.5,-251.0,1064.3,6846.8,132.3,1017.3,7002.3,-283.3,1078.6,6811.9,-90.1,1032.4,7019.1,-491.7,1061.5,6912.2,-79.4,-399.0,6904.6,-95.2,-439.1,6940.5,-103.3,-449.0,6885.1,-170.7,-438.5,6978.1,-182.0,-453.4,6886.6,-233.5,-286.3,7069.6,-261.6,-303.4,6822.2,-257.5,-16.0,7141.1,-346.8,-41.5,6777.8,-234.7,187.0,7151.7,-263.0,206.6,6737.9,-227.2,244.0,7166.5,-260.1,283.7,6724.3,-210.5,272.4,7131.1,-224.1,326.9,6747.2,-204.5,235.7,7145.1,-212.5,277.2,6731.4,-200.9,247.5,7129.8,-201.1,290.7,6743.3
-233.1,172.6,6909.6,-212.5,151.8,6986.8,-254.4,142.2,6834.2,-205.1,-92.4,6902.2,-103.3,570.6,6972.0,-308.3,592.7,6839.5,-175.2,-341.8,6893.8,17.3,948.9,6975.3,-439.0,985.2,6862.7,217.4,989.5,6914.6,-249.0,1057.3,6805.3,219.4,988.7,6960.9,-281.1,1071.7,6771.6,9.2,1034.4,6976.7,-489.0,1055.0,6869.5,-45.2,-396.1,6861.3,-61.6,-435.5,6897.0,-68.3,-445.6,6841.8,-138.1,-434.1,6934.2,-149.7,-449.3,6843.1,-199.1,-283.2,7025.5,-228.5,-300.6,6778.7,-218.9,-15.2,7098.0,-312.8,-39.1,6732.6,-194.5,185.1,7109.0,-222.5,205.0,6693.0,-184.2,242.2,7124.5,-213.7,281.8,6679.9,-167.1,270.5,7088.6,-170.1,323.6,6703.2,-163.0,233.7,7103.4,-163.8,272.8,6686.7,-158.6,245.1,7088.1,-150.1,285.6,6698.4
-199.4,174.9,6866.3,-177.7,153.9,6943.6,-217.7,145.1,6791.0,-168.1,-90.0,6859.1,-70.6,568.0,6930.4,-291.2,592.2,6796.6,-140.4,-339.2,6850.7,74.3,947.2,6934.7,-435.7,978.9,6819.3,271.5,957.0,6879.8,-246.0,1050.4,6764.3,271.1,960.3,6924.4,-278.3,1065.0,6731.3,74.4,1033.5,6933.5,-486.0,1048.4,6826.6,-8.5,-387.5,6819.7,-25.3,-429.0,6854.6,-28.7,-437.5,6799.8,-100.7,-430.3,6891.0,-107.8,-444.4,6800.0,-166.2,-280.9,6982.1,-191.2,-298.4,6735.3,-176.3,-14.2,7054.7,-273.8,-34.6,6687.5,-145.7,183.8,7066.3,-178.8,203.8,6648.8,-138.8,240.7,7081.7,-167.1,280.2,6636.6,-120.9,268.3,7045.7,-125.1,321.3,6659.4,-117.1,231.9,7061.2,-118.8,270.4,6642.5,-112.8,243.1,7045.9,-106.8,283.0,6654.1
-163.9,177.6,6827.3,-146.0,159.4,6904.6,-178.1,149.6,6751.9,-130.9,-85.3,6820.4,-25.9,566.5,6891.4,-269.4,592.0,6757.9,-107.6,-334.0,6813.1,108.9,951.6,6894.9,-432.4,973.2,6780.4,301.6,948.3,6844.5,-242.4,1044.8,6728.4,303.7,951.1,6887.8,-275.4,1059.2,6695.6,103.0,1041.0,6892.5,-483.1,1042.3,6788.5,25.7,-376.0,6783.8,9.5,-418.9,6818.1,7.4,-426.0,6763.5,-65.2,-422.8,6853.3,-69.5,-436.2,6762.6,-136.1,-277.5,6943.8,-154.1,-294.5,6697.1,-148.8,-9.7,7014.8,-235.7,-28.4,6647.4,-113.5,183.9,7027.4,-138.9,202.8,6607.5,-105.2,240.5,7042.4,-126.7,279.1,6595.9,-86.6,268.0,7006.8,-83.9,319.6,6619.3,-84.2,231.8,7022.5,-77.5,268.7,6601.8,-79.0,243.1,7007.5,-63.1,281.3,6613.3
-123.4,183.4,6821.3,-102.4,168.4,6898.7,-140.2,157.6,6745.9,-93.3,-78.3,6814.7,13.3,570.9,6885.6,-242.2,594.0,6752.5,-70.8,-327.4,6808.4,126.9,961.2,6889.7,-430.8,972.2,6775.4,319.5,957.1,6843.0,-240.4,1044.5,6725.1,321.9,958.3,6885.7,-274.5,1058.8,6692.6,112.0,1051.2,6886.5,-482.5,1041.0,6784.0,61.8,-367.5,6779.9,45.5,-410.2,6813.9,41.3,-417.4,6759.5,-28.8,-416.1,6848.7,-34.2,-428.5,6758.0,-98.2,-272.1,6938.9,-119.7,-289.5,6691.7,-109.1,-3.7,7008.6,-195.8,-20.4,6641.0,-72.1,185.4,7021.3,-98.2,203.9,6599.3,-64.6,241.0,7035.9,-86.7,280.1,6588.4,-43.8,268.0,7000.0,-42.4,319.3,6612.0,-40.8,232.0,7016.5,-37.5,268.5,6594.5,-34.4,243.3,7001.4,-23.7,280.8,6606.1
-86.8,186.4,6820.3,-64.8,172.4,6897.7,-104.6,162.1,6745.0,-56.9,-73.3,6814.0,44.1,575.6,6885.0,-201.5,594.9,6752.5,-33.4,-320.2,6808.5,140.2,972.0,6889.4,-427.0,970.6,6775.0,331.2,961.4,6844.5,-237.6,1045.5,6726.9,334.2,961.9,6886.7,-273.2,1059.4,6694.4,115.7,1060.1,6885.4,-481.2,1036.3,6783.5,99.1,-361.5,6780.2,80.5,-403.6,6814.2,75.3,-411.3,6759.8,3.0,-408.7,6848.7,-3.7,-421.0,6758.1,-63.9,-267.1,6938.7,-78.6,-284.3,6691.0,-78.2,2.6,7007.0,-155.3,-16.0,6638.5,-39.8,187.2,7020.4,-63.2,205.0,6595.2,-32.7,242.7,7034.2,-47.3,281.4,6584.5,-11.4,269.0,6997.8,0.2,319.2,6608.6,-9.6,232.9,7015.3,0.2,268.4,6591.2,-3.3,243.8,7000.2,15.1,280.8,6602.6
-50.2,187.6,6817.8,-25.7,173.6,6895.2,-66.6,164.1,6742.6,-18.7,-71.0,6812.0,74.4,580.3,6882.7,-147.1,595.8,6750.3,4.0,-316.1,6807.3,148.3,977.7,6886.3,-417.5,963.8,6773.5,338.7,984.2,6838.7,-235.5,1046.2,6726.2,346.8,980.3,6881.2,-272.2,1059.1,6693.5,118.5,1063.1,6881.9,-476.3,1023.1,6781.7,136.6,-358.6,6779.4,116.5,-400.7,6813.2,113.0,-407.7,6758.9,40.2,-403.9,6847.7,33.4,-415.3,6756.9,-25.1,-263.7,6937.4,-40.3,-279.5,6688.8,-40.1,4.6,7004.6,-120.0,-10.6,6634.7,4.7,187.8,7018.4,-19.4,206.3,6590.3,11.9,243.3,7032.2,-3.9,283.2,6580.1,31.0,269.4,6995.3,40.8,319.1,6603.7,35.1,233.2,7013.5,41.7,268.3,6586.6,40.7,243.9,6998.3,56.3,280.4,6597.5
-17.7,187.8,6826.7,11.8,173.0,6903.9,-32.4,163.1,6751.8,18.1,-71.1,6820.8,111.6,586.3,6892.1,-88.4,599.5,6759.8,43.4,-315.7,6816.0,153.9,982.3,6896.0,-393.2,943.5,6785.7,341.7,1011.6,6847.6,-235.6,1049.3,6736.5,351.8,1003.2,6890.2,-273.4,1060.5,6704.4,121.2,1064.8,6891.4,-463.4,987.7,6794.5,173.0,-359.2,6788.5,153.8,-401.3,6821.9,149.9,-407.3,6767.9,79.5,-403.4,6856.3,73.5,-414.1,6765.6,18.8,-262.9,6945.7,-5.6,-276.5,6697.7,11.1,4.8,7013.1,-88.0,-12.4,6642.8,55.7,187.6,7027.4,13.5,206.7,6597.2,61.3,243.6,7041.5,31.8,283.3,6586.7,79.9,270.0,7004.7,79.4,319.3,6608.9,82.5,233.5,7023.1,77.1,267.9,6591.8,87.1,244.2,7008.2,92.6,280.0,6602.3
20.1,187.6,6858.7,48.8,172.8,6935.7,6.7,163.0,6783.9,57.7,-71.9,6853.0,139.1,591.0,6923.7,-22.3,605.0,6793.2,83.1,-316.8,6848.3,159.2,986.7,6926.3,-354.7,918.9,6821.3,347.7,1031.9,6876.9,-234.6,1055.6,6772.9,357.9,1022.6,6919.7,-273.7,1065.4,6740.9,121.0,1067.8,6921.3,-436.0,941.1,6831.5,211.7,-362.4,6821.1,193.3,-404.2,6854.7,186.0,-410.8,6800.4,117.6,-405.0,6888.9,111.4,-417.2,6798.0,59.3,-263.4,6978.0,32.0,-277.6,6730.0,51.9,4.4,7043.8,-50.9,-12.8,6675.1,92.1,188.1,7059.1,42.9,208.3,6627.7,101.6,244.3,7074.0,58.4,284.9,6616.3,116.4,271.2,7037.5,106.1,320.8,6638.1,116.7,234.4,7055.7,105.8,269.2,6620.7,122.2,245.3,7041.1,123.8,281.4,6631.0
61.0,191.5,6897.5,88.4,174.0,6975.3,42.4,165.2,6822.1,90.8,-69.5,6891.2,168.5,599.9,6963.6,54.2,610.7,6831.4,116.3,-318.6,6885.5,165.8,992.6,6965.2,-295.5,890.8,6859.1,350.5,1050.1,6915.6,-221.8,1061.8,6814.8,360.1,1039.6,6959.3,-262.0,1068.3,6781.7,120.0,1074.9,6960.2,-383.6,894.7,6869.2,235.6,-366.1,6856.9,222.5,-407.6,6891.0,209.1,-415.1,6836.4,150.6,-407.6,6926.2,135.8,-421.0,6834.8,92.7,-263.3,7016.1,59.5,-278.1,6766.5,94.7,2.8,7083.3,-12.3,-13.1,6709.2,124.0,188.4,7101.2,72.0,208.6,6662.2,134.0,245.4,7116.5,80.0,285.8,6652.0,147.7,272.7,7080.5,127.1,322.3,6675.1,150.3,235.5,7099.2,129.1,268.7,6656.4,155.0,246.6,7084.8,146.4,281.9,6667.2
93.1,191.0,6913.6,116.7,173.7,6991.9,76.7,164.1,6838.0,127.1,-70.9,6908.1,187.9,601.4,6978.5,131.7,611.5,6845.7,152.8,-320.2,6902.7,166.3,994.7,6976.4,-218.9,871.8,6874.5,349.3,1055.4,6924.8,-173.4,1063.5,6830.7,358.8,1047.7,6968.1,-214.3,1060.6,6798.4,121.8,1074.9,6970.5,-301.6,874.8,6885.2,278.6,-367.7,6874.5,263.0,-409.5,6908.4,254.1,-417.0,6853.8,187.6,-409.9,6943.2,173.9,-422.8,6852.0,131.9,-264.6,7033.8,94.4,-279.9,6782.9,134.5,2.3,7101.5,12.5,-14.7,6724.8,165.1,188.2,7118.5,98.9,208.7,6679.5,174.0,245.8,7133.5,105.4,285.8,6668.0,185.3,273.2,7097.1,144.7,322.2,6691.1,192.6,235.8,7115.9,153.3,268.1,6672.7,194.9,247.0,7101.4,166.6,281.4,6683.8
126.1,190.4,6919.0,147.5,173.4,6997.8,112.9,163.8,6843.1,159.1,-71.8,6913.6,211.4,601.7,6983.8,196.8,610.5,6849.8,186.8,-321.1,6908.2,170.9,995.0,6978.4,-135.1,868.2,6878.2,352.7,1058.5,6925.8,-80.6,1063.4,6836.3,360.6,1052.2,6969.1,-121.2,1057.0,6803.2,124.9,1073.2,6971.5,-218.3,874.0,6888.6,313.7,-368.3,6880.5,298.8,-410.3,6914.3,290.8,-417.6,6859.7,225.3,-411.0,6948.8,212.4,-423.9,6857.6,169.6,-265.0,7039.5,128.0,-280.9,6788.2,159.2,2.2,7108.0,41.8,-15.1,6729.8,185.6,188.5,7124.9,122.5,209.7,6686.0,197.4,246.1,7139.8,128.9,286.2,6674.0,210.0,273.5,7103.6,165.0,322.8,6697.7,216.1,236.2,7122.5,175.7,269.3,6679.3,218.5,247.3,7107.8,188.1,282.5,6690.5
156.9,189.5,6916.8,175.7,173.0,6995.9,144.6,162.2,6840.6,187.9,-72.2,6911.7,224.6,600.4,6981.4,265.5,609.4,6846.0,214.9,-321.5,6906.9,176.7,992.4,6972.0,-49.9,872.1,6872.7,353.1,1060.0,6921.8,29.0,1060.7,6833.6,360.2,1053.5,6964.6,-7.7,1053.0,6798.1,128.5,1070.1,6962.7,-129.7,883.7,6882.2,341.1,-368.3,6879.0,328.7,-410.3,6912.7,318.6,-417.6,6858.2,254.7,-411.2,6947.1,241.0,-424.0,6856.3,194.6,-265.8,7038.2,158.4,-281.5,6786.3,178.5,1.1,7106.2,63.2,-16.9,6727.8,202.6,188.6,7122.9,137.9,209.6,6685.2,213.0,246.1,7137.8,140.6,285.6,6672.3,226.6,273.8,7101.3,174.2,321.9,6696.5,232.4,236.3,7120.1,185.0,269.2,6678.4,234.8,247.5,7105.3,196.7,282.2,6689.7
188.8,188.8,6968.4,209.6,173.1,7048.1,173.8,162.0,6891.9,221.2,-73.3,6963.5,230.7,603.5,7032.3,325.0,606.3,6897.0,247.0,-324.1,6958.9,192.0,998.4,7019.9,53.6,887.9,6922.0,356.5,1069.8,6972.9,143.5,1069.3,6885.8,361.8,1062.2,7015.5,114.9,1063.1,6847.9,148.9,1075.1,7008.3,-25.5,904.5,6930.4,372.7,-371.5,6930.9,360.6,-413.4,6964.5,351.9,-421.1,6909.8,285.4,-414.5,6998.9,271.7,-427.3,6907.8,228.2,-268.1,7090.5,190.1,-284.0,6837.6,208.2,-0.9,7158.7,88.0,-20.5,6779.9,229.5,189.7,7176.0,157.2,210.7,6737.9,238.6,247.8,7191.5,154.2,285.8,6724.5,252.2,275.7,7154.4,186.5,322.3,6749.9,261.1,238.0,7173.1,198.5,270.6,6731.4,262.5,249.3,7158.0,211.1,283.2,6743.1
225.3,184.7,7052.1,245.1,171.9,7132.9,212.6,160.6,6974.4,255.8,-76.2,7047.6,236.3,610.6,7115.1,374.8,603.7,6980.4,279.8,-328.5,7043.7,190.2,1009.0,7099.6,151.9,902.7,7003.5,360.8,1081.7,7055.1,317.1,1079.7,6967.8,363.2,1075.0,7098.1,280.6,1077.3,6928.4,146.7,1082.3,7087.2,95.1,942.1,7010.5,409.1,-376.5,7016.2,394.6,-418.8,7049.9,386.9,-426.6,6994.5,319.5,-420.2,7084.2,307.6,-432.9,6991.9,263.7,-272.0,7176.8,223.2,-288.0,6920.7,234.0,-2.9,7245.2,116.7,-28.3,6862.1,258.5,191.5,7261.4,175.2,211.4,6821.1,268.2,250.4,7276.0,168.0,286.2,6807.2,282.8,278.6,7237.5,198.0,324.4,6833.9,290.6,240.7,7256.8,211.7,273.2,6815.3,291.7,252.1,7241.0,225.0,285.9,6827.3
261.5,177.0,7091.2,287.6,166.4,7172.3,249.9,154.9,7013.2,287.3,-81.3,7087.3,248.3,613.5,7151.7,417.4,599.8,7018.0,311.4,-331.5,7085.0,188.5,1013.8,7132.5,243.5,934.5,7039.0,361.7,1087.7,7089.9,426.3,1086.0,7002.3,362.5,1082.3,7132.9,396.4,1084.9,6961.4,145.3,1088.2,7119.9,194.3,992.8,7042.9,439.2,-379.8,7057.4,423.2,-422.0,7091.4,415.7,-429.9,7035.8,347.2,-423.3,7125.9,334.1,-435.7,7033.0,298.4,-275.3,7218.3,252.2,-290.3,6960.9,279.6,-7.2,7285.8,145.6,-32.2,6902.0,301.6,191.3,7300.5,191.0,210.7,6860.6,311.1,250.3,7314.2,181.7,285.9,6845.3,319.8,278.6,7275.5,214.9,326.1,6872.7,328.2,240.9,7294.9,229.0,274.5,6854.3,327.5,252.6,7278.8,243.8,287.7,6866.5
291.1,174.6,7086.3,314.3,164.1,7166.7,278.4,153.4,7008.6,317.2,-82.9,7082.2,264.0,613.0,7146.7,459.1,593.4,7012.2,340.0,-331.3,7080.3,189.4,1012.8,7124.9,360.0,963.1,7032.3,365.2,1085.9,7087.3,548.7,1084.5,6995.5,361.6,1081.1,7130.7,521.7,1085.7,6953.2,144.8,1087.5,7111.6,321.4,1031.6,7032.8,468.7,-381.2,7052.8,452.2,-423.1,7086.5,443.4,-430.5,7031.5,375.9,-423.9,7121.1,361.9,-435.5,7028.9,322.8,-275.4,7212.5,282.4,-289.9,6957.2,311.8,-7.7,7279.6,170.3,-35.9,6898.9,331.2,190.7,7294.1,210.8,209.7,6857.1,341.7,249.4,7307.5,202.5,285.0,6841.5,352.1,277.8,7268.8,234.4,326.2,6869.6,360.9,240.3,7288.0,250.5,274.7,6851.4,360.1,252.1,7271.8,263.8,288.0,6863.8
323.4,174.1,7056.2,349.8,164.2,7136.0,308.2,153.3,6978.9,347.8,-83.0,7052.4,278.0,610.3,7114.4,488.9,587.3,6980.7,370.1,-329.8,7051.0,189.2,1008.7,7092.7,467.4,989.6,6997.3,369.5,1082.9,7058.4,669.4,1067.5,6961.3,361.9,1078.4,7101.6,646.3,1079.8,6920.1,143.2,1082.5,7077.3,436.8,1069.9,6999.2,496.4,-380.0,7023.3,480.8,-421.6,7057.2,468.1,-429.2,7002.3,404.4,-422.4,7091.8,386.7,-433.9,7000.0,355.2,-274.4,7182.3,310.5,-289.0,6928.6,342.8,-8.4,7249.0,192.8,-41.2,6870.6,356.0,188.6,7262.2,229.4,205.0,6828.9,367.6,247.3,7274.8,220.8,280.4,6812.8,377.7,275.1,7235.1,249.6,323.1,6841.3,385.5,238.3,7255.1,266.9,272.6,6823.0,384.8,250.1,7238.6,280.0,286.3,6835.6
354.1,174.4,7004.5,384.8,164.3,7083.1,336.2,153.8,6928.0,376.0,-81.5,7000.6,293.5,606.4,7060.1,516.8,586.2,6929.7,397.3,-327.2,6999.3,187.1,1001.8,7038.0,559.8,997.5,6944.2,368.4,1075.4,7003.7,764.2,1037.8,6908.4,359.1,1070.7,7046.7,745.2,1060.4,6867.8,140.1,1074.7,7020.9,536.7,1081.5,6944.5,521.3,-376.6,6971.1,509.8,-418.0,7005.1,494.8,-425.7,6950.8,434.5,-418.9,7039.8,412.6,-430.6,6949.1,386.5,-272.0,7129.3,336.2,-286.8,6878.1,371.9,-7.0,7194.7,221.7,-39.9,6822.2,385.8,188.0,7206.5,251.5,204.1,6781.0,397.6,246.1,7217.9,238.4,278.6,6764.3,405.7,273.6,7178.0,266.6,321.5,6793.4,411.6,237.0,7198.0,284.6,271.1,6774.6,410.7,248.6,7181.3,298.7,284.5,6787.3
379.1,174.5,6961.8,409.6,163.8,7039.4,360.5,153.3,6886.2,403.0,-80.3,6958.3,307.2,603.8,7016.0,547.1,585.0,6886.2,424.1,-324.0,6957.2,186.5,996.0,6993.9,645.4,994.9,6896.0,368.4,1069.6,6959.0,841.5,1002.0,6858.4,358.3,1065.0,7001.7,820.3,1028.7,6816.5,138.2,1069.1,6975.3,634.9,1078.2,6895.8,550.5,-374.0,6928.6,539.3,-415.1,6962.5,523.2,-422.9,6909.1,464.8,-416.2,6997.7,443.7,-427.7,6907.9,411.3,-270.2,7086.1,367.2,-284.8,6836.9,399.3,-6.5,7149.3,245.5,-40.1,6783.1,418.7,186.9,7158.9,269.3,202.8,6742.6,427.4,244.6,7169.1,255.7,277.0,6724.5,433.9,272.0,7128.8,283.5,320.0,6753.9,441.9,236.0,7149.2,299.4,269.7,6735.6,440.2,247.6,7132.2,314.7,283.6,6748.1
415.3,177.9,6948.1,450.4,167.1,7025.8,389.7,158.2,6872.0,435.9,-76.7,6944.6,318.3,608.8,6997.2,569.3,584.7,6873.5,458.0,-318.9,6943.1,184.6,993.6,6973.4,715.4,991.8,6880.1,367.7,1068.0,6935.8,915.5,968.0,6844.1,357.4,1062.5,6980.1,897.9,996.9,6802.4,137.2,1068.1,6956.5,714.1,1076.6,6878.4,575.7,-372.6,6913.3,561.5,-413.2,6947.9,545.0,-421.2,6894.2,489.8,-412.5,6984.2,466.0,-424.3,6893.7,451.6,-266.0,7072.4,390.5,-281.2,6822.4,447.0,-4.3,7136.8,274.0,-37.7,6767.3,454.4,189.8,7145.4,282.3,202.3,6728.0,455.9,247.4,7154.8,270.3,276.8,6711.2,456.3,273.3,7115.1,299.1,319.5,6740.3,466.9,238.8,7135.0,309.4,269.4,6722.0,464.4,250.2,7118.1,326.3,283.8,6734.6
449.8,184.2,6933.4,483.2,174.2,7011.6,425.0,164.7,6856.7,467.4,-70.7,6930.6,335.0,608.3,6979.9,608.3,585.6,6859.2,485.6,-313.0,6930.3,185.9,990.1,6952.2,762.5,987.9,6865.8,367.9,1065.9,6916.8,955.1,952.7,6828.2,358.2,1060.7,6960.7,939.2,977.6,6787.5,136.9,1064.3,6934.7,763.3,1071.5,6862.3,608.2,-369.1,6900.3,595.1,-409.0,6934.9,580.7,-417.9,6881.0,522.5,-407.2,6971.4,500.6,-420.4,6881.0,471.9,-261.4,7059.6,426.8,-277.3,6809.3,479.2,4.3,7122.8,307.1,-37.2,6752.3,488.9,200.3,7131.3,316.3,202.5,6712.8,491.6,258.7,7140.7,300.7,276.8,6696.9,495.0,282.8,7101.0,329.9,320.3,6725.6,505.1,249.3,7120.1,341.3,271.1,6707.5,503.3,260.4,7103.2,358.7,287.0,6720.1
489.7,192.9,6927.6,526.4,182.4,7006.0,461.7,172.4,6850.6,507.5,-62.0,6924.9,354.9,608.8,6971.9,649.4,589.1,6853.9,521.5,-305.3,6925.1,188.0,988.1,6941.3,790.9,988.4,6861.4,367.5,1065.5,6906.5,988.1,952.7,6824.1,359.0,1060.6,6950.7,969.7,974.7,6783.6,136.9,1062.1,6923.9,787.8,1071.6,6857.2,642.5,-362.7,6894.8,630.5,-402.1,6929.6,613.3,-412.2,6875.3,556.5,-399.6,6966.3,533.4,-414.7,6875.7,510.6,-253.6,7054.7,461.5,-271.8,6804.0,518.1,15.1,7118.3,343.4,-36.2,6745.6,513.7,208.7,7126.0,342.4,203.5,6706.9,518.0,268.5,7135.9,327.5,278.4,6692.1,524.1,292.0,7096.5,357.0,324.0,6719.9,530.6,258.2,7115.0,366.3,274.9,6702.4,529.9,268.9,7098.1,383.8,292.2,6714.7
523.1,202.4,6934.4,554.7,192.0,7012.9,498.1,181.9,6857.3,545.1,-53.7,6932.1,380.3,610.6,6976.7,682.0,594.2,6861.0,558.0,-298.5,6933.1,192.6,985.7,6943.2,808.2,996.0,6867.5,368.1,1067.2,6910.9,1008.9,962.9,6830.9,360.1,1062.2,6955.2,990.5,984.3,6790.6,137.7,1059.3,6925.4,801.7,1079.8,6862.9,677.3,-357.7,6903.6,663.4,-397.2,6938.4,649.6,-406.9,6883.9,589.9,-392.8,6974.9,569.3,-408.8,6883.5,553.1,-244.6,7062.8,498.2,-264.7,6811.8,557.6,26.4,7125.3,379.2,-31.5,6752.0,554.6,217.4,7133.2,384.4,207.5,6713.3,560.1,279.4,7143.6,365.1,282.6,6698.4,563.5,303.3,7104.5,392.6,330.0,6725.9,571.6,268.8,7122.6,405.0,280.9,6707.9,569.9,279.7,7105.9,421.2,299.7,6720.6
557.6,209.9,6939.3,589.6,199.0,7017.8,536.7,188.3,6862.2,579.7,-47.0,6937.6,414.2,612.8,6979.7,715.3,599.0,6865.5,596.1,-291.8,6940.2,200.2,980.8,6943.4,823.5,1003.0,6872.0,368.4,1068.0,6911.8,1027.5,971.1,6834.2,361.7,1063.0,6956.5,1006.2,991.9,6794.9,140.4,1051.2,6926.4,810.8,1086.3,6868.0,715.8,-350.1,6911.6,700.0,-389.9,6946.2,689.3,-400.2,6891.8,627.4,-386.1,6982.5,608.9,-403.3,6890.6,587.8,-236.7,7069.6,538.5,-257.5,6818.2,585.4,36.8,7130.2,420.2,-23.1,6757.4,584.3,225.9,7137.5,423.3,215.0,6718.7,591.4,289.9,7148.3,404.5,291.9,6703.1,594.0,313.7,7109.6,432.8,340.1,6730.1,603.3,278.6,7127.2,445.6,290.6,6713.1,602.0,289.9,7110.5,462.9,310.7,6725.5
