1884.4,62.1,6492.4,1981.4,42.8,6562.0,1806.2,39.9,6423.7,1888.9,-200.4,6485.8,1995.5,489.7,6535.9,1811.3,488.0,6437.2,1889.7,-451.3,6480.3,1987.3,855.2,6536.3,1764.6,870.6,6472.4,2090.4,960.1,6470.5,1931.7,960.8,6427.9,2134.0,949.6,6514.3,1873.5,972.7,6389.4,1958.7,916.3,6543.6,1733.0,941.4,6483.5,1958.3,-541.1,6434.4,1969.3,-573.5,6470.3,1907.7,-580.7,6418.8,1925.7,-555.0,6514.9,1834.7,-566.7,6435.3,1986.1,-386.6,6607.9,1742.7,-409.0,6372.8,2012.6,-117.5,6658.6,1677.1,-118.0,6327.4,2051.7,95.4,6665.8,1737.3,110.3,6277.4,2064.2,161.9,6673.9,1732.0,192.3,6263.6,2050.0,198.2,6640.7,1788.0,234.1,6285.4,2063.0,151.6,6652.9,1785.1,177.6,6272.1,2050.6,167.3,6638.7,1813.1,193.2,6281.4
1897.7,62.3,6496.3,1997.1,44.6,6563.8,1813.8,40.3,6429.1,1900.8,-199.0,6488.5,2007.9,492.8,6536.9,1813.7,489.4,6445.1,1901.5,-450.3,6482.0,2006.2,860.6,6541.5,1772.0,871.8,6484.8,2101.2,962.9,6469.6,1931.7,961.5,6435.0,2145.7,954.7,6511.4,1876.7,973.7,6397.4,1978.3,921.8,6551.1,1742.4,941.2,6497.6,1960.0,-541.3,6431.7,1978.2,-574.3,6467.4,1908.1,-580.9,6418.5,1946.9,-555.3,6514.1,1839.5,-566.8,6438.3,2009.1,-385.3,6607.4,1744.7,-405.8,6379.4,2048.0,-113.4,6657.5,1680.5,-117.5,6336.7,2088.5,105.5,6660.0,1737.4,111.6,6284.3,2102.8,176.7,6667.7,1731.6,193.2,6271.8,2087.6,216.5,6635.8,1787.3,235.4,6292.7,2099.0,167.4,6645.2,1784.8,178.7,6279.4,2083.0,185.4,6631.6,1813.4,193.8,6288.1
1906.5,62.4,6491.2,2007.6,46.5,6556.1,1818.9,40.8,6426.0,1910.6,-197.8,6482.3,2013.5,494.8,6529.0,1814.1,489.6,6443.4,1911.9,-448.9,6474.7,2014.4,864.2,6538.6,1776.1,871.8,6485.8,2103.6,963.5,6460.5,1930.2,960.9,6431.1,2147.7,957.0,6500.3,1876.4,972.8,6394.8,1987.0,925.3,6550.5,1746.9,940.3,6499.7,1960.1,-541.8,6420.3,1983.9,-575.0,6455.6,1906.7,-580.5,6409.5,1963.0,-555.4,6504.4,1843.5,-566.1,6432.5,2026.4,-384.4,6597.3,1746.0,-402.7,6377.7,2069.2,-109.4,6646.1,1681.1,-117.4,6338.0,2108.7,114.3,6644.6,1732.3,111.7,6283.5,2124.8,187.6,6651.5,1725.4,193.1,6272.0,2108.8,229.6,6620.8,1779.5,235.8,6291.9,2119.2,180.6,6627.7,1778.1,178.8,6278.8,2100.4,200.0,6614.7,1807.2,194.2,6287.1
1914.7,62.7,6483.3,2017.1,48.6,6545.6,1824.0,41.5,6419.9,1919.2,-196.3,6473.5,2017.1,496.6,6518.3,1815.0,489.7,6437.5,1921.8,-447.2,6465.2,2016.8,866.9,6532.2,1778.6,871.0,6482.6,2101.3,963.7,6448.4,1928.5,960.2,6424.0,2144.9,958.7,6486.4,1875.0,971.4,6388.5,1990.3,928.0,6545.8,1748.8,938.1,6497.8,1961.3,-540.5,6407.1,1989.1,-574.3,6442.0,1907.2,-579.3,6398.6,1975.1,-554.9,6492.5,1848.6,-565.1,6424.3,2039.7,-383.6,6585.3,1748.6,-399.9,6373.5,2084.8,-105.4,6631.8,1681.3,-117.4,6336.4,2123.4,121.1,6626.2,1726.3,111.7,6279.8,2140.5,195.6,6632.0,1717.4,192.8,6269.0,2122.0,240.0,6602.2,1769.1,236.0,6287.9,2132.1,190.5,6606.8,1769.7,178.8,6275.4,2110.4,211.5,6594.4,1798.8,195.0,6283.4
1922.6,63.2,6477.3,2026.9,51.0,6536.9,1829.1,42.6,6415.9,1927.1,-194.6,6466.8,2019.1,498.9,6510.5,1818.4,490.1,6434.1,1930.7,-445.1,6458.1,2017.7,869.2,6528.6,1780.5,870.7,6481.3,2099.2,963.5,6438.8,1926.7,959.5,6418.5,2142.6,959.3,6475.3,1873.5,970.1,6383.9,1992.2,930.6,6544.0,1749.9,937.4,6497.4,1965.2,-539.1,6396.8,1995.9,-573.6,6431.2,1911.5,-578.3,6390.1,1985.5,-554.1,6483.0,1856.6,-564.3,6418.3,2053.7,-381.8,6575.3,1752.7,-398.0,6371.5,2100.8,-100.7,6619.4,1682.0,-117.2,6336.7,2139.2,126.5,6611.1,1722.5,111.9,6278.0,2154.7,201.4,6616.1,1712.7,192.8,6267.8,2133.5,246.2,6587.1,1762.6,237.0,6285.7,2145.3,196.6,6589.5,1764.4,179.3,6273.8,2121.3,217.6,6577.7,1793.2,197.3,6281.6
1929.1,64.7,6470.0,2034.4,53.3,6526.9,1834.6,43.9,6410.2,1934.4,-193.0,6458.6,2022.3,500.9,6502.0,1823.6,490.5,6428.8,1937.1,-443.7,6449.1,2018.4,868.0,6524.3,1781.3,870.1,6477.3,2095.1,962.4,6429.1,1925.0,958.7,6411.6,2138.8,958.3,6464.5,1872.1,968.7,6377.6,1993.7,929.6,6541.3,1750.0,936.1,6494.3,1968.4,-538.0,6385.1,2001.2,-572.8,6419.0,1916.6,-577.4,6380.0,1994.2,-553.7,6472.0,1866.8,-563.4,6410.4,2063.9,-380.4,6563.3,1758.2,-396.6,6367.7,2115.0,-98.2,6606.7,1682.5,-116.3,6335.8,2154.2,127.9,6596.4,1722.8,112.9,6276.2,2169.5,203.9,6601.1,1713.8,193.4,6267.1,2145.1,250.9,6572.8,1761.8,239.4,6283.8,2158.0,199.1,6573.3,1763.0,181.1,6272.2,2131.6,221.1,6561.9,1790.9,200.7,6279.8
1936.2,65.6,6461.3,2042.9,55.1,6515.6,1840.1,45.0,6403.3,1942.3,-191.6,6449.1,2026.8,502.7,6492.4,1830.5,491.0,6421.1,1943.7,-441.8,6438.7,2017.2,867.4,6518.4,1781.3,869.2,6471.8,2091.8,961.2,6418.7,1922.9,957.6,6403.7,2135.5,957.3,6453.4,1870.0,967.0,6370.0,1992.7,929.2,6537.0,1748.8,934.6,6489.1,1971.4,-537.1,6372.4,2006.5,-571.9,6405.7,1921.8,-576.4,6368.8,2003.3,-552.7,6459.7,1875.2,-562.2,6401.0,2075.3,-379.2,6549.9,1764.8,-395.9,6362.3,2127.6,-96.1,6592.7,1682.4,-115.1,6333.5,2165.7,129.3,6580.5,1722.8,115.5,6273.3,2179.8,205.7,6585.0,1713.8,195.0,6265.0,2153.6,254.2,6557.2,1761.1,243.0,6280.3,2167.5,201.1,6556.2,1761.5,184.4,6268.9,2140.1,223.7,6545.2,1789.3,205.8,6276.3
1942.0,67.3,6454.2,2049.6,56.7,6505.9,1845.4,45.7,6398.2,1949.2,-190.5,6441.3,2032.4,503.3,6484.6,1839.4,490.7,6415.0,1951.4,-440.5,6429.9,2017.4,866.5,6513.9,1783.3,867.4,6466.7,2089.3,960.0,6409.6,1920.7,956.7,6395.9,2132.9,956.5,6443.5,1868.1,965.5,6362.9,1993.3,928.4,6533.7,1750.5,932.1,6484.6,1972.8,-536.5,6361.2,2010.5,-571.1,6393.7,1925.0,-575.5,6359.2,2014.1,-551.7,6448.9,1881.4,-560.9,6393.3,2087.3,-377.8,6537.9,1771.3,-395.4,6359.1,2140.2,-93.4,6580.5,1684.7,-114.4,6333.1,2180.3,133.2,6566.7,1723.0,117.1,6272.4,2194.6,209.2,6571.4,1713.2,195.7,6264.6,2167.2,257.8,6544.0,1759.2,244.9,6278.6,2181.4,204.6,6542.0,1759.6,186.3,6267.4,2153.7,227.3,6531.2,1787.2,208.7,6274.7
1951.5,68.0,6457.6,2060.3,57.6,6506.7,1853.8,46.1,6403.7,1959.4,-190.1,6443.9,2039.5,503.3,6488.1,1851.5,490.5,6418.4,1962.2,-440.1,6431.7,2020.1,866.7,6520.5,1788.4,866.1,6470.3,2089.5,960.3,6412.2,1921.2,957.3,6396.7,2133.2,957.1,6445.7,1868.3,965.2,6363.9,1996.4,929.0,6541.9,1756.1,931.0,6487.7,1978.4,-537.2,6360.9,2017.5,-571.6,6392.7,1931.5,-575.9,6360.5,2024.9,-551.8,6448.8,1889.7,-561.0,6396.4,2101.4,-377.2,6536.7,1780.7,-395.5,6366.2,2155.6,-91.8,6579.2,1693.6,-113.4,6344.0,2194.5,135.9,6563.8,1726.3,118.8,6282.5,2210.6,211.5,6568.4,1715.5,196.4,6275.0,2182.5,259.9,6541.7,1760.4,246.1,6288.0,2194.6,207.2,6538.8,1760.8,187.9,6276.8,2166.3,230.0,6528.3,1788.6,211.0,6284.1
1960.9,69.5,6462.4,2071.4,58.4,6508.9,1862.6,46.5,6410.5,1969.2,-189.8,6448.0,2046.8,504.1,6493.4,1863.4,491.0,6423.4,1971.8,-440.0,6434.8,2023.4,867.8,6528.8,1796.1,866.1,6475.0,2090.6,961.2,6416.8,1922.1,958.7,6398.4,2134.5,958.3,6450.2,1868.7,965.7,6366.2,2000.2,930.2,6551.6,1766.2,931.3,6492.3,1983.6,-537.5,6361.9,2023.1,-572.0,6393.0,1937.3,-576.1,6363.0,2033.7,-552.0,6449.8,1897.5,-561.1,6400.7,2112.9,-376.8,6536.8,1790.5,-395.4,6374.5,2167.7,-90.6,6579.2,1704.1,-113.2,6356.6,2207.1,137.9,6560.9,1729.9,119.8,6294.2,2225.2,213.1,6565.3,1718.1,197.1,6286.7,2194.7,261.9,6539.5,1762.3,247.8,6298.6,2206.1,209.2,6535.5,1762.7,189.3,6287.5,2176.4,232.3,6525.5,1790.7,213.1,6294.8
1969.8,70.6,6466.3,2080.3,58.8,6510.3,1871.0,46.7,6416.5,1978.2,-189.6,6451.4,2053.2,504.5,6497.6,1874.7,491.5,6428.2,1979.6,-439.9,6437.3,2026.4,868.6,6535.3,1806.6,865.4,6479.9,2091.3,961.6,6420.1,1922.8,960.0,6399.4,2135.3,959.0,6453.3,1869.1,966.1,6368.4,2003.9,931.3,6559.5,1779.8,931.2,6497.3,1990.4,-537.8,6362.6,2029.0,-572.3,6393.2,1943.9,-576.2,6365.0,2041.5,-552.1,6450.5,1905.7,-560.9,6404.2,2122.0,-376.5,6536.5,1800.1,-395.0,6382.2,2177.7,-89.6,6578.6,1713.6,-113.2,6367.5,2217.2,139.5,6558.1,1732.9,120.5,6304.4,2236.2,214.1,6562.1,1720.1,197.9,6296.6,2206.6,263.2,6537.6,1763.8,249.4,6307.5,2216.3,210.8,6532.4,1764.5,190.8,6296.5,2187.2,234.3,6523.0,1792.6,215.2,6303.8
1969.0,69.2,6459.6,2079.7,57.7,6502.2,1869.7,46.1,6411.4,1976.6,-190.1,6443.7,2050.7,503.0,6491.3,1873.5,488.3,6419.1,1980.2,-439.8,6428.2,2028.3,868.1,6534.0,1808.9,861.0,6469.7,2088.7,962.1,6416.0,1919.1,960.3,6385.3,2133.9,959.5,6449.6,1861.4,964.2,6354.8,2005.5,931.0,6559.9,1785.2,926.7,6489.3,1990.2,-538.6,6351.1,2028.5,-573.6,6381.9,1943.0,-576.5,6355.1,2038.0,-553.1,6440.4,1902.6,-560.7,6396.2,2120.9,-376.5,6525.4,1800.9,-395.7,6376.8,2182.2,-89.7,6566.7,1714.0,-113.2,6363.9,2221.1,141.0,6544.4,1730.7,119.5,6301.6,2238.3,215.1,6547.2,1718.2,197.2,6294.0,2208.0,262.4,6522.8,1761.4,247.5,6304.3,2219.8,210.8,6517.4,1760.1,189.4,6292.4,2191.4,233.5,6508.3,1788.5,212.7,6300.0
1982.0,69.2,6480.1,2092.7,57.5,6520.3,1880.4,46.1,6434.0,1988.3,-190.8,6463.5,2060.5,504.2,6510.8,1886.3,488.4,6439.3,1992.8,-440.7,6447.2,2036.9,870.7,6553.8,1830.3,860.8,6490.8,2094.5,964.7,6433.8,1924.1,962.2,6401.9,2140.5,962.2,6467.3,1865.8,965.6,6372.0,2014.0,933.9,6580.1,1813.6,926.8,6511.3,2000.5,-540.5,6368.0,2039.2,-575.5,6398.3,1954.4,-578.1,6373.3,2053.3,-554.8,6457.5,1916.4,-562.2,6416.3,2140.0,-377.4,6541.8,1812.0,-396.8,6400.7,2200.0,-90.2,6582.7,1726.8,-113.5,6392.1,2236.9,142.1,6557.3,1739.0,119.9,6329.9,2254.3,217.1,6559.3,1726.7,198.1,6323.4,2221.9,264.4,6535.6,1769.7,248.3,6332.1,2233.2,212.4,6529.8,1768.2,190.0,6320.0,2203.3,234.8,6521.2,1797.4,213.1,6327.5
1989.4,68.9,6485.9,2100.0,57.3,6523.9,1886.2,45.8,6442.1,1994.6,-191.0,6468.6,2065.2,504.4,6515.3,1893.5,487.9,6445.0,1999.5,-440.4,6451.6,2040.5,871.3,6558.8,1847.4,858.3,6498.0,2095.7,965.1,6437.1,1924.7,962.0,6403.9,2142.5,962.8,6470.4,1865.3,964.0,6375.2,2018.3,934.6,6585.5,1836.7,924.2,6519.7,2004.8,-541.1,6370.5,2044.2,-576.1,6400.4,1959.9,-578.4,6377.3,2063.5,-555.3,6460.1,1925.1,-562.2,6421.9,2151.6,-377.6,6543.3,1818.3,-397.2,6409.7,2211.6,-90.5,6584.2,1734.7,-113.4,6404.8,2245.6,142.6,6555.6,1742.7,120.2,6342.1,2261.7,218.3,6556.9,1730.6,198.6,6336.5,2228.1,265.3,6533.5,1773.6,248.8,6343.7,2241.0,213.2,6527.7,1771.9,190.7,6331.6,2210.5,235.2,6519.3,1801.5,213.6,6338.9
1995.3,68.9,6490.5,2105.6,57.3,6526.1,1890.8,45.6,6448.7,1999.8,-191.2,6472.2,2068.8,504.3,6518.8,1901.1,486.3,6450.9,2004.4,-440.5,6454.4,2042.9,871.6,6561.6,1865.1,855.1,6505.0,2096.0,965.3,6438.6,1925.3,962.0,6405.9,2143.2,963.2,6471.4,1865.4,961.9,6378.7,2021.2,934.8,6588.7,1859.8,919.8,6528.1,2007.9,-541.4,6371.7,2047.8,-576.3,6401.1,1964.1,-578.5,6379.7,2070.6,-555.5,6461.2,1932.7,-562.1,6425.9,2160.8,-377.7,6543.2,1823.6,-397.3,6417.4,2220.6,-90.6,6584.5,1741.6,-113.7,6415.6,2253.5,143.8,6554.9,1745.9,120.3,6353.5,2268.0,219.7,6556.5,1734.2,198.9,6349.0,2234.0,266.6,6533.8,1776.9,249.0,6354.7,2247.8,214.6,6527.6,1774.9,190.8,6342.5,2216.8,236.3,6519.6,1804.8,213.7,6349.5
2000.0,68.9,6493.7,2110.4,57.3,6527.1,1894.7,45.5,6454.0,2004.1,-191.3,6474.6,2071.8,504.2,6521.4,1908.8,484.7,6455.7,2008.1,-440.6,6455.9,2044.9,871.3,6563.4,1883.0,852.4,6511.0,2096.4,965.4,6440.0,1925.6,962.0,6407.3,2143.7,963.5,6472.4,1865.2,959.1,6381.9,2024.2,934.4,6590.9,1881.1,916.0,6535.2,2010.5,-541.6,6371.8,2050.7,-576.4,6400.8,1967.6,-578.6,6380.9,2075.9,-555.6,6461.2,1938.3,-562.0,6428.5,2167.3,-377.9,6541.9,1828.3,-397.5,6423.6,2227.3,-90.5,6583.6,1747.0,-113.9,6425.3,2258.9,144.9,6552.8,1748.9,120.4,6363.9,2272.4,221.2,6554.4,1737.2,199.1,6360.4,2237.5,267.8,6532.5,1779.7,249.0,6364.6,2252.3,215.9,6525.8,1777.3,190.9,6352.4,2220.7,237.1,6518.2,1807.6,213.9,6359.1
2004.0,68.9,6498.0,2114.3,57.3,6529.3,1898.1,45.3,6460.3,2007.9,-191.4,6477.8,2074.7,503.7,6524.5,1916.8,483.0,6461.6,2011.4,-440.7,6457.9,2046.6,871.3,6565.6,1898.7,851.0,6517.6,2096.6,965.4,6440.9,1926.6,962.0,6409.9,2143.8,963.6,6472.8,1866.8,956.8,6386.0,2026.5,934.2,6593.0,1899.1,914.0,6542.6,2012.4,-542.0,6372.4,2053.1,-576.6,6401.0,1970.4,-578.7,6382.6,2079.6,-555.7,6461.8,1942.5,-561.9,6431.5,2171.8,-378.1,6541.5,1832.4,-397.7,6430.0,2232.3,-90.5,6583.8,1752.0,-114.1,6434.8,2262.1,145.8,6552.1,1751.7,120.3,6374.3,2275.3,222.4,6553.8,1740.2,199.3,6371.8,2239.8,269.0,6532.8,1782.2,248.8,6374.2,2254.4,217.2,6525.7,1779.3,191.2,6362.2,2222.6,238.2,6518.5,1810.0,214.0,6368.5
2008.2,69.1,6505.6,2118.5,57.4,6534.8,1901.8,45.4,6469.8,2011.6,-191.6,6484.2,2078.4,503.9,6531.6,1922.6,483.2,6471.3,2014.4,-440.8,6462.6,2049.8,871.8,6571.9,1911.7,851.1,6527.8,2098.2,966.1,6446.0,1928.8,962.4,6416.6,2145.4,964.2,6477.4,1869.5,955.6,6394.4,2030.6,934.7,6599.4,1913.7,913.5,6553.5,2014.5,-542.3,6375.9,2055.8,-577.0,6404.0,1972.9,-579.1,6387.0,2083.4,-556.0,6465.1,1946.3,-561.9,6437.3,2175.8,-378.5,6543.6,1836.5,-397.5,6439.4,2236.9,-90.4,6586.8,1756.7,-114.0,6447.8,2265.1,147.0,6554.6,1755.7,120.5,6388.6,2278.2,224.0,6556.5,1744.1,199.5,6387.0,2241.9,270.9,6536.2,1785.7,248.4,6387.8,2256.7,218.8,6528.8,1782.1,191.4,6375.8,2224.3,239.6,6521.9,1813.3,214.0,6381.6
2010.8,69.2,6509.6,2121.4,57.7,6536.8,1904.0,45.6,6475.5,2013.9,-191.5,6487.0,2079.9,504.1,6535.1,1925.1,483.8,6477.2,2016.0,-440.5,6464.2,2051.6,871.8,6575.0,1919.1,850.9,6534.4,2098.8,966.4,6448.3,1930.1,962.2,6420.3,2146.1,964.5,6479.3,1871.1,954.4,6399.4,2033.3,934.6,6602.6,1921.8,912.9,6560.7,2015.0,-542.3,6376.5,2056.7,-577.0,6404.1,1973.8,-579.2,6388.4,2085.4,-556.0,6465.4,1948.0,-561.6,6439.9,2178.3,-378.7,6542.7,1838.8,-397.2,6445.1,2239.5,-89.9,6586.4,1759.9,-113.8,6456.5,2265.6,149.0,6553.7,1758.3,120.3,6398.6,2278.6,226.3,6556.0,1746.2,199.4,6397.9,2242.0,273.0,6536.5,1787.4,247.5,6397.4,2256.7,220.9,6528.8,1782.5,191.4,6385.5,2224.1,241.4,6522.2,1814.3,213.6,6390.7
2013.2,69.4,6516.0,2123.9,58.1,6541.3,1906.4,45.7,6483.7,2016.1,-191.5,6492.5,2081.8,504.7,6540.5,1926.5,484.8,6485.2,2017.6,-440.4,6468.4,2054.5,872.1,6580.4,1924.1,850.4,6543.6,2100.1,967.0,6452.9,1930.9,962.1,6426.2,2147.5,965.0,6483.0,1870.8,953.5,6407.2,2037.2,934.6,6608.0,1928.7,911.8,6570.3,2015.5,-542.8,6379.8,2057.2,-577.3,6407.0,1974.6,-579.5,6392.7,2086.7,-556.1,6468.5,1949.8,-561.4,6445.3,2180.8,-379.1,6544.5,1841.0,-397.0,6453.2,2241.8,-89.5,6588.3,1763.2,-113.7,6467.2,2264.9,149.9,6554.7,1760.7,120.3,6410.5,2277.8,227.5,6556.8,1747.7,199.7,6410.4,2240.9,274.4,6538.0,1788.7,247.1,6408.5,2255.4,222.0,6530.0,1782.0,191.5,6396.9,2222.7,242.2,6523.7,1814.6,213.3,6401.5
2015.4,69.6,6523.6,2126.1,58.5,6546.9,1908.6,45.9,6493.1,2017.7,-191.5,6499.1,2083.5,505.2,6546.4,1927.6,485.7,6493.3,2018.9,-440.1,6473.8,2057.0,872.8,6586.1,1927.2,851.0,6552.8,2101.5,967.7,6457.5,1927.3,962.2,6431.9,2149.0,965.5,6486.8,1866.6,952.9,6415.3,2040.2,935.2,6613.7,1933.1,912.2,6579.5,2015.8,-543.2,6384.1,2057.4,-577.6,6410.8,1975.3,-579.8,6397.9,2087.9,-556.4,6472.5,1951.4,-561.0,6451.7,2182.9,-379.4,6547.2,1843.3,-396.3,6462.4,2243.7,-89.1,6590.4,1766.2,-113.4,6479.1,2264.0,150.6,6555.4,1762.3,120.5,6422.6,2276.7,228.8,6557.0,1747.9,200.0,6422.5,2239.3,276.0,6538.7,1789.1,247.0,6419.4,2254.0,223.0,6530.6,1780.9,191.6,6408.1,2221.3,243.0,6524.5,1813.9,213.3,6412.1
2016.5,70.1,6529.1,2126.8,59.0,6550.4,1910.1,46.2,6500.4,2018.5,-191.4,6504.0,2084.6,505.5,6550.3,1928.6,486.5,6500.5,2019.6,-440.2,6478.4,2058.5,873.3,6590.0,1929.2,851.6,6560.4,2102.4,968.0,6460.6,1921.8,962.0,6436.8,2150.1,965.9,6489.5,1861.6,952.3,6422.4,2041.9,935.8,6617.6,1935.5,912.5,6587.0,2016.6,-543.7,6387.9,2057.2,-577.9,6413.9,1975.8,-580.1,6402.7,2088.0,-556.6,6475.8,1952.3,-560.6,6457.6,2184.0,-379.6,6549.3,1845.0,-395.7,6470.8,2244.7,-88.8,6590.6,1768.7,-113.0,6489.5,2262.5,150.6,6553.9,1762.4,120.8,6433.6,2274.8,229.6,6554.4,1746.4,200.4,6433.9,2237.3,277.1,6536.7,1787.0,247.2,6429.3,2252.0,223.3,6528.6,1778.2,191.9,6418.5,2219.5,243.3,6522.7,1811.0,213.6,6421.9
2010.8,69.6,6514.2,2120.6,58.6,6534.0,1905.8,46.0,6487.2,2012.5,-191.5,6488.0,2078.8,503.9,6533.8,1924.0,485.4,6487.3,2013.4,-439.8,6460.8,2055.6,870.7,6576.7,1927.9,847.7,6551.2,2096.9,965.8,6445.3,1908.8,959.5,6423.0,2145.3,963.5,6472.7,1844.5,950.1,6412.3,2040.6,933.5,6605.9,1935.5,906.8,6579.5,2009.8,-544.9,6369.5,2050.9,-578.0,6395.7,1970.0,-579.5,6385.3,2080.4,-556.3,6457.7,1946.0,-559.9,6440.7,2178.1,-381.6,6529.5,1839.9,-395.6,6455.2,2243.4,-88.4,6570.6,1764.2,-113.6,6475.9,2254.6,155.1,6533.2,1753.8,119.2,6421.4,2266.1,232.9,6533.4,1738.9,198.1,6421.5,2228.4,277.5,6516.2,1779.1,241.4,6416.1,2243.9,226.4,6508.2,1768.5,189.8,6405.6,2211.2,244.4,6502.8,1800.3,210.1,6408.4
2008.5,69.6,6508.0,2117.5,58.5,6525.4,1904.2,45.9,6483.3,2010.1,-191.3,6481.5,2076.0,503.3,6525.3,1922.2,485.3,6482.8,2011.3,-439.4,6454.1,2053.8,869.8,6567.7,1926.4,847.6,6546.6,2093.8,964.2,6435.1,1900.2,958.0,6415.7,2142.3,961.9,6461.3,1839.1,948.5,6407.5,2038.4,932.5,6596.4,1933.7,906.8,6574.2,2004.1,-543.8,6362.5,2047.2,-577.1,6388.1,1966.2,-578.8,6379.2,2077.4,-555.4,6449.7,1944.1,-558.8,6435.6,2176.9,-381.3,6519.5,1839.1,-394.9,6453.0,2240.6,-87.4,6558.8,1764.0,-113.8,6475.8,2249.4,156.5,6520.9,1750.4,119.2,6422.4,2260.6,234.3,6521.7,1735.8,197.7,6423.2,2220.6,278.1,6505.3,1774.2,240.6,6416.8,2235.4,227.3,6496.5,1763.2,189.5,6406.5,2202.9,245.1,6491.9,1794.3,209.6,6408.8
2009.0,69.4,6510.4,2117.1,58.5,6525.6,1904.1,45.9,6487.8,2009.9,-191.3,6482.8,2075.7,503.4,6525.0,1922.8,486.3,6486.2,2010.9,-439.3,6454.3,2054.3,869.8,6567.4,1927.5,848.4,6550.4,2093.0,963.9,6433.2,1897.1,957.5,6416.2,2141.5,961.4,6458.2,1838.1,947.8,6410.3,2038.9,932.5,6595.7,1934.6,907.5,6577.2,1998.6,-543.6,6362.1,2044.4,-576.9,6387.0,1962.7,-578.7,6379.6,2076.7,-555.2,6448.4,1943.6,-558.6,6437.2,2177.0,-381.3,6516.1,1839.8,-394.8,6457.4,2239.7,-86.4,6554.2,1765.3,-113.9,6482.9,2246.6,158.5,6516.0,1747.8,119.4,6430.9,2255.5,236.6,6517.1,1733.6,197.6,6432.8,2212.9,279.6,6501.5,1770.4,240.3,6425.7,2227.0,229.2,6492.0,1759.2,189.5,6415.4,2194.4,246.9,6488.1,1789.8,209.6,6417.2
2009.2,69.4,6513.5,2117.1,58.6,6526.5,1903.2,46.1,6493.0,2008.6,-191.3,6484.3,2075.7,503.6,6525.4,1922.9,488.0,6490.0,2010.2,-439.1,6454.1,2055.2,870.0,6568.3,1928.7,849.4,6554.9,2092.9,963.7,6432.7,1895.1,957.7,6417.8,2141.7,961.2,6456.9,1837.9,948.1,6414.0,2039.6,932.6,6596.1,1935.6,908.6,6581.0,1990.4,-543.5,6361.1,2038.8,-576.8,6385.1,1956.6,-578.6,6379.7,2075.1,-555.0,6446.3,1941.7,-558.2,6438.4,2176.2,-381.1,6512.5,1839.1,-394.4,6461.2,2238.6,-85.4,6550.0,1765.6,-114.2,6489.8,2242.2,160.5,6511.3,1744.7,119.5,6439.3,2249.0,239.0,6513.1,1730.7,197.4,6442.5,2204.9,281.4,6498.1,1766.8,240.3,6434.5,2217.8,231.3,6488.0,1754.9,189.4,6424.3,2185.7,248.8,6484.7,1785.6,209.5,6425.6
2008.0,69.2,6514.8,2116.4,58.6,6525.8,1900.9,46.3,6496.6,2005.3,-191.1,6484.1,2074.9,504.0,6524.0,1922.2,489.6,6492.0,2006.9,-438.6,6452.0,2055.3,869.9,6567.3,1929.4,849.9,6557.6,2092.1,963.2,6430.3,1893.8,957.3,6417.4,2140.8,960.7,6453.5,1837.6,947.9,6415.5,2039.7,932.5,6594.7,1936.3,909.0,6583.1,1980.6,-543.3,6358.5,2030.7,-576.5,6381.5,1947.7,-578.1,6378.1,2072.0,-554.7,6442.4,1937.6,-557.5,6437.7,2173.6,-380.7,6506.7,1836.8,-393.7,6463.2,2236.3,-83.9,6543.6,1764.6,-114.2,6495.0,2235.5,162.7,6503.9,1741.0,119.6,6445.8,2240.8,241.2,6506.0,1726.6,197.3,6449.7,2196.4,282.6,6491.9,1762.2,240.3,6440.5,2207.8,233.1,6481.0,1750.4,189.4,6430.7,2176.3,250.3,6478.7,1781.1,209.4,6431.4
2006.1,69.1,6516.6,2115.0,58.6,6525.7,1898.2,46.5,6500.4,2001.5,-191.0,6484.6,2074.0,504.4,6523.9,1921.3,491.2,6495.7,2002.8,-438.2,6451.1,2055.4,869.9,6567.0,1930.0,850.4,6560.2,2091.6,962.8,6429.0,1892.8,957.1,6417.6,2140.3,960.4,6451.5,1837.5,948.0,6417.4,2039.8,932.6,6594.2,1936.7,909.6,6584.9,1971.4,-543.1,6357.0,2022.2,-576.3,6379.0,1939.2,-577.7,6377.6,2068.4,-554.4,6439.7,1933.5,-556.9,6438.1,2171.5,-380.7,6502.7,1834.3,-393.6,6465.7,2234.0,-83.3,6537.9,1762.9,-114.4,6499.5,2228.1,163.5,6497.0,1735.3,119.5,6450.8,2233.2,242.6,6499.2,1720.4,197.1,6455.2,2188.3,283.9,6485.9,1756.7,240.7,6444.7,2198.5,234.3,6474.4,1744.4,189.2,6435.2,2167.2,251.6,6473.2,1775.8,209.4,6435.4
2001.0,69.1,6512.1,2110.2,58.6,6519.2,1892.8,46.8,6497.7,1995.4,-190.7,6479.3,2070.7,504.9,6517.8,1918.0,492.6,6493.1,1996.1,-437.8,6445.3,2053.6,869.3,6560.6,1928.7,850.1,6556.6,2089.3,961.7,6421.7,1890.0,956.3,6412.7,2138.0,959.2,6443.5,1835.8,947.5,6413.9,2038.0,931.9,6587.4,1935.3,909.3,6580.9,1959.5,-542.5,6351.0,2011.5,-575.7,6372.1,1928.8,-576.9,6372.4,2062.1,-553.8,6432.4,1927.7,-556.1,6433.6,2167.9,-380.4,6493.5,1829.9,-393.2,6463.1,2229.6,-82.4,6527.2,1759.8,-114.3,6498.3,2218.2,163.9,6484.8,1728.9,119.6,6450.1,2223.2,242.8,6486.8,1713.8,197.1,6455.1,2179.0,284.1,6474.7,1748.9,240.8,6443.3,2187.9,234.6,6462.7,1737.5,189.3,6434.3,2157.4,251.8,6462.5,1768.7,209.5,6433.8
1997.9,69.1,6514.7,2107.1,58.6,6520.0,1889.4,47.1,6502.2,1991.5,-190.6,6481.2,2069.5,505.6,6519.1,1916.9,493.7,6497.7,1991.4,-437.8,6446.8,2054.0,869.5,6561.3,1929.5,850.7,6560.2,2089.2,961.6,6421.5,1889.7,956.5,6414.8,2137.7,959.1,6442.5,1836.1,947.9,6417.4,2038.4,932.2,6588.2,1936.1,909.8,6584.2,1953.0,-542.6,6352.2,2005.1,-575.7,6372.6,1923.1,-576.7,6374.5,2057.7,-553.7,6432.5,1924.5,-555.9,6436.3,2166.9,-380.5,6491.9,1827.5,-392.7,6467.7,2227.9,-82.0,6523.4,1758.0,-114.3,6504.1,2210.9,163.8,6479.1,1725.4,119.7,6456.1,2216.1,242.7,6480.7,1710.8,197.3,6461.5,2172.0,283.8,6469.7,1745.0,241.2,6448.8,2180.0,234.3,6457.4,1734.0,189.6,6440.1,2149.7,251.5,6458.2,1765.1,209.9,6439.2
1994.3,68.8,6518.0,2103.6,58.5,6521.7,1885.9,47.0,6507.1,1987.4,-190.8,6483.8,2068.3,506.1,6520.6,1916.2,494.6,6502.6,1987.2,-437.9,6449.2,2054.4,869.8,6562.7,1930.6,851.4,6564.6,2089.2,961.6,6421.8,1890.6,956.7,6417.7,2137.6,959.1,6442.1,1837.4,948.4,6421.5,2038.7,932.6,6589.3,1937.0,910.4,6588.3,1949.2,-542.7,6354.2,2001.0,-575.9,6374.0,1919.1,-576.7,6377.2,2053.1,-553.7,6433.7,1920.8,-556.0,6439.5,2164.8,-380.9,6491.7,1824.6,-392.8,6472.7,2226.6,-81.9,6521.1,1756.1,-114.3,6510.3,2204.3,163.6,6474.3,1722.7,119.9,6462.6,2209.5,242.7,6475.4,1708.1,197.5,6468.4,2165.5,283.8,6465.7,1741.4,241.5,6454.9,2172.8,234.2,6453.0,1731.0,189.9,6446.5,2142.5,251.3,6455.0,1762.1,210.2,6445.3
1991.0,68.9,6523.6,2100.0,58.5,6525.8,1882.9,47.1,6514.1,1984.4,-191.0,6489.1,2067.6,506.4,6525.1,1915.2,495.1,6510.2,1984.4,-438.4,6454.5,2055.7,870.3,6566.4,1932.4,852.2,6570.9,2090.2,962.0,6425.1,1892.0,957.3,6422.9,2138.4,959.5,6444.5,1838.8,949.3,6427.8,2040.0,933.1,6592.7,1938.6,911.3,6594.4,1946.9,-543.2,6359.2,1998.1,-576.3,6378.6,1916.6,-576.9,6382.8,2048.8,-554.1,6437.9,1918.3,-556.4,6445.7,2162.5,-381.4,6494.5,1823.1,-393.2,6480.6,2225.3,-82.2,6522.6,1755.1,-114.3,6519.1,2199.6,163.1,6474.7,1721.1,120.0,6472.0,2204.7,242.2,6475.1,1706.6,197.6,6478.1,2160.7,283.4,6466.7,1739.0,241.9,6464.1,2167.3,233.7,6453.8,1729.1,190.2,6455.9,2137.0,250.8,6456.5,1760.0,210.6,6454.2
1986.6,68.9,6524.6,2095.3,58.5,6525.4,1878.6,47.4,6516.4,1980.3,-191.0,6490.0,2065.3,506.5,6524.9,1912.3,495.1,6512.8,1980.6,-438.5,6455.6,2055.4,870.3,6565.5,1932.4,852.5,6572.3,2089.6,961.7,6423.7,1891.9,957.1,6423.3,2137.6,959.2,6442.5,1839.1,949.4,6429.1,2039.8,933.1,6591.8,1938.8,911.5,6595.3,1944.0,-543.2,6360.2,1994.5,-576.4,6379.3,1913.7,-576.9,6384.4,2043.0,-554.1,6438.2,1913.8,-556.6,6447.6,2158.1,-381.7,6493.7,1819.9,-393.2,6484.0,2220.8,-82.4,6520.2,1753.1,-114.4,6522.9,2193.2,162.8,6470.9,1717.9,120.1,6476.0,2197.4,241.7,6470.6,1703.9,197.7,6482.3,2153.4,283.0,6463.0,1735.5,242.1,6467.8,2160.1,233.2,6450.3,1725.4,190.4,6459.8,2129.8,250.3,6453.3,1756.0,210.8,6457.8
1973.8,68.3,6500.6,2082.3,58.2,6500.2,1864.9,47.7,6493.8,1965.5,-190.6,6466.0,2053.9,505.2,6500.6,1902.0,493.3,6489.4,1964.9,-437.7,6431.6,2048.8,868.5,6545.3,1926.4,850.0,6552.3,2082.0,959.6,6404.1,1886.3,954.2,6402.3,2130.9,957.6,6422.5,1832.3,947.1,6409.5,2033.8,931.8,6573.0,1933.3,909.0,6577.0,1930.0,-542.3,6336.6,1979.7,-575.7,6355.2,1900.0,-575.3,6361.5,2026.1,-553.0,6413.6,1897.8,-555.1,6424.6,2144.0,-381.7,6466.7,1804.8,-392.2,6461.8,2210.8,-81.6,6493.1,1739.1,-113.9,6503.1,2181.2,162.5,6441.7,1705.1,120.3,6456.4,2182.3,242.0,6439.4,1693.9,197.3,6462.5,2136.6,282.2,6432.4,1724.7,241.3,6448.3,2145.0,232.7,6420.2,1712.5,190.2,6440.0,2115.3,249.3,6423.3,1741.4,210.1,6437.8
1971.7,67.9,6502.8,2079.5,58.0,6500.7,1862.8,47.9,6497.7,1962.8,-190.7,6468.1,2054.0,505.4,6500.7,1899.3,493.3,6492.6,1960.9,-437.7,6433.8,2049.2,868.7,6546.7,1927.0,850.4,6555.0,2081.5,959.5,6404.3,1887.3,954.4,6404.1,2130.8,957.4,6422.8,1833.8,947.5,6411.9,2034.0,931.6,6573.7,1933.9,909.5,6579.1,1923.4,-542.3,6338.9,1973.9,-576.0,6356.8,1894.5,-575.5,6364.4,2023.3,-552.9,6414.8,1895.8,-555.2,6428.0,2139.1,-382.3,6466.2,1804.5,-392.5,6466.9,2206.1,-81.5,6491.1,1739.0,-114.1,6508.9,2173.7,162.7,6438.6,1703.2,120.3,6462.0,2175.1,242.2,6436.7,1690.8,197.4,6468.3,2131.7,282.4,6430.6,1721.6,241.6,6453.9,2138.7,232.8,6417.7,1708.1,190.3,6445.4,2109.6,249.3,6421.5,1737.8,210.5,6443.2
1969.8,67.0,6506.7,2077.0,57.4,6503.0,1860.7,47.8,6503.3,1960.8,-191.1,6471.9,2054.7,505.7,6502.0,1896.9,493.5,6497.6,1958.3,-438.0,6438.1,2050.3,869.0,6550.1,1928.4,851.0,6559.7,2081.8,959.8,6406.7,1888.6,954.8,6408.0,2131.5,957.7,6425.5,1835.5,948.2,6416.5,2035.2,931.8,6576.6,1935.4,910.1,6583.4,1919.1,-542.5,6343.3,1969.9,-576.4,6360.5,1890.7,-575.8,6369.2,2020.2,-553.1,6418.2,1893.8,-555.4,6433.4,2135.9,-382.8,6468.1,1804.4,-393.0,6473.7,2201.3,-81.4,6490.6,1739.2,-114.3,6516.0,2167.1,162.7,6435.7,1700.6,120.3,6468.8,2168.7,242.4,6433.8,1688.1,197.7,6475.1,2126.0,282.6,6428.7,1719.4,242.0,6460.3,2132.5,232.9,6415.2,1704.0,190.6,6451.8,2103.5,249.3,6419.8,1734.6,210.9,6449.5
1968.4,66.7,6511.0,2075.0,57.1,6505.4,1859.0,47.9,6509.3,1959.2,-191.3,6476.3,2055.7,506.2,6503.9,1895.1,493.9,6503.3,1956.1,-438.3,6443.2,2051.7,869.4,6553.9,1929.7,851.6,6564.7,2081.5,960.2,6409.8,1890.2,955.3,6412.6,2131.9,958.0,6428.3,1837.2,949.1,6421.9,2037.5,932.2,6580.3,1936.9,910.7,6588.2,1915.5,-542.8,6348.3,1966.6,-576.8,6365.2,1887.3,-576.2,6374.7,2016.9,-553.4,6422.6,1890.6,-555.4,6439.4,2132.6,-383.4,6470.5,1804.5,-393.4,6481.6,2197.2,-81.4,6490.5,1739.8,-114.4,6524.1,2161.4,162.8,6432.8,1699.4,120.4,6476.6,2163.0,242.6,6430.7,1686.5,197.9,6482.6,2120.8,282.8,6426.6,1716.9,242.4,6467.4,2126.6,232.9,6412.7,1701.9,190.9,6458.9,2097.7,249.2,6418.0,1732.3,211.4,6456.6
1966.6,66.5,6512.9,2072.3,56.9,6505.6,1857.3,48.1,6512.7,1957.4,-191.5,6478.3,2056.4,506.7,6504.7,1894.0,494.3,6508.5,1953.9,-438.6,6445.9,2054.7,869.7,6556.5,1931.0,852.2,6569.0,2079.1,960.6,6412.6,1891.6,955.6,6417.2,2131.4,958.4,6430.4,1839.0,949.9,6427.2,2043.5,932.0,6583.3,1938.6,911.3,6592.4,1913.3,-542.9,6351.2,1963.7,-577.1,6367.8,1884.8,-576.4,6378.1,2012.8,-553.5,6424.9,1887.1,-555.2,6443.1,2128.9,-384.1,6470.9,1804.2,-393.7,6487.0,2193.4,-81.5,6488.8,1740.1,-114.5,6529.5,2156.0,162.8,6429.1,1697.7,120.4,6481.5,2157.7,242.6,6426.5,1684.6,198.0,6487.3,2115.6,282.9,6423.5,1714.4,242.7,6471.7,2120.9,232.9,6409.2,1699.1,191.1,6463.3,2092.1,249.1,6415.3,1729.6,211.9,6460.9
1962.9,66.8,6508.7,2067.1,56.8,6499.3,1854.2,48.5,6510.3,1953.6,-191.6,6474.3,2055.0,506.5,6499.2,1891.9,494.4,6508.5,1949.9,-438.6,6442.3,2060.1,868.9,6552.3,1930.5,852.1,6567.2,2066.2,960.1,6408.9,1891.1,955.1,6415.9,2123.7,958.2,6425.0,1838.9,949.9,6427.1,2054.8,929.5,6579.6,1939.0,911.0,6590.6,1906.5,-542.3,6347.6,1957.0,-576.8,6363.8,1879.1,-576.0,6375.2,2006.9,-553.1,6420.6,1882.5,-554.3,6440.6,2123.5,-384.5,6464.5,1802.6,-393.7,6486.7,2188.7,-81.5,6480.7,1739.4,-114.5,6529.8,2149.8,162.5,6420.6,1695.6,119.9,6481.3,2151.8,242.2,6417.7,1681.7,197.9,6486.8,2109.9,282.5,6415.8,1710.6,242.7,6470.8,2114.3,232.5,6401.3,1695.8,191.0,6462.5,2085.3,248.8,6407.9,1726.0,211.9,6460.0
1959.1,66.8,6502.5,2061.9,56.5,6491.3,1851.0,48.8,6505.9,1949.7,-191.7,6468.5,2052.7,506.0,6491.6,1890.3,494.7,6506.3,1945.7,-438.8,6437.2,2067.8,867.8,6545.9,1929.7,851.6,6564.3,2047.3,959.7,6403.3,1890.4,954.2,6413.6,2109.0,958.6,6417.3,1838.7,949.7,6426.2,2067.3,927.3,6573.7,1939.2,910.5,6587.7,1899.2,-541.6,6342.6,1949.4,-576.4,6358.4,1873.1,-575.4,6370.7,2000.5,-552.7,6414.8,1877.9,-553.7,6436.4,2118.0,-384.9,6456.8,1800.6,-393.5,6484.6,2183.8,-81.7,6471.2,1738.3,-114.5,6527.9,2144.0,162.1,6410.6,1692.7,119.8,6478.9,2146.4,241.5,6407.4,1679.1,197.8,6484.3,2104.5,282.0,6406.3,1706.8,242.7,6467.9,2107.8,232.0,6391.8,1691.8,191.0,6459.8,2078.5,248.3,6398.8,1721.5,212.0,6457.0
1955.9,66.7,6499.7,2057.6,56.3,6486.6,1848.9,49.4,6505.0,1946.5,-192.0,6465.9,2051.5,505.4,6487.5,1889.8,495.2,6507.6,1942.5,-439.0,6435.1,2079.9,866.7,6542.4,1930.1,851.7,6565.3,2025.6,959.5,6401.3,1890.9,953.6,6415.6,2090.6,960.2,6413.0,1839.7,950.1,6429.9,2085.8,925.6,6570.4,1941.5,910.3,6588.8,1889.7,-541.3,6340.7,1940.8,-576.3,6355.5,1865.6,-575.2,6369.5,1995.5,-552.7,6411.4,1874.6,-553.4,6435.3,2114.7,-385.6,6451.8,1799.4,-393.6,6485.3,2180.5,-82.2,6464.5,1738.7,-114.5,6529.0,2139.6,161.8,6403.5,1691.6,119.5,6479.5,2141.9,241.2,6399.8,1678.5,197.7,6485.0,2100.6,281.5,6399.8,1705.6,242.7,6467.8,2103.1,231.7,6385.2,1689.3,191.0,6460.0,2073.8,247.8,6392.7,1718.9,212.0,6456.9
1953.6,66.2,6496.6,2054.5,55.8,6481.3,1847.7,49.8,6504.2,1944.1,-192.3,6462.8,2049.7,504.5,6480.6,1889.7,495.9,6508.2,1939.4,-438.9,6432.0,2092.3,866.2,6536.1,1930.8,851.8,6566.1,2004.3,958.9,6396.3,1891.0,953.4,6416.6,2069.4,962.5,6405.1,1840.7,950.6,6433.3,2106.6,925.6,6564.0,1944.5,910.3,6589.9,1882.5,-540.7,6337.8,1933.9,-576.1,6351.5,1859.3,-574.9,6367.2,1991.3,-553.0,6406.8,1871.5,-553.2,6433.3,2111.4,-386.7,6445.4,1799.1,-393.6,6485.3,2177.9,-83.1,6456.5,1740.1,-114.6,6531.0,2134.9,161.2,6393.7,1691.8,118.9,6481.1,2136.7,240.6,6389.3,1679.0,197.6,6486.7,2095.6,280.8,6390.9,1705.1,242.7,6468.4,2096.9,231.0,6376.0,1687.8,191.0,6461.1,2067.9,246.8,6384.4,1717.1,211.9,6457.5
1950.9,65.7,6488.8,2050.6,54.9,6471.3,1846.6,50.1,6498.9,1941.2,-192.5,6455.2,2046.8,502.7,6469.2,1889.2,496.4,6505.0,1935.5,-438.9,6425.0,2104.5,865.1,6523.0,1930.5,851.3,6562.7,1986.7,957.7,6386.4,1889.9,952.2,6414.2,2050.2,964.1,6391.8,1840.8,950.6,6433.4,2129.6,924.7,6550.8,1946.5,909.6,6587.0,1876.1,-539.7,6331.2,1927.0,-575.5,6343.7,1853.0,-574.1,6361.0,1986.2,-553.2,6398.4,1867.9,-552.7,6427.2,2106.5,-387.9,6434.7,1798.8,-393.3,6481.6,2174.2,-84.6,6444.0,1740.1,-114.5,6528.9,2129.6,160.1,6379.8,1691.6,118.2,6478.7,2131.1,239.6,6374.8,1678.7,197.2,6484.4,2090.2,279.5,6377.7,1704.0,242.5,6465.0,2090.8,229.8,6362.7,1685.9,190.8,6458.2,2061.9,245.4,6371.9,1714.8,211.7,6454.1
1948.9,65.3,6480.6,2046.7,54.0,6460.3,1846.1,50.2,6493.6,1938.7,-192.7,6447.3,2043.7,500.5,6456.7,1889.0,497.0,6501.9,1932.3,-439.1,6417.8,2112.7,866.6,6506.2,1930.4,850.8,6558.9,1966.2,956.3,6375.9,1888.3,951.3,6412.5,2024.5,965.0,6376.8,1841.0,950.6,6434.2,2148.5,930.1,6533.4,1948.1,908.7,6583.9,1870.8,-538.7,6324.8,1921.0,-574.9,6336.0,1847.9,-573.4,6355.1,1981.7,-553.7,6389.9,1865.8,-552.2,6421.3,2101.9,-389.2,6423.1,1798.9,-393.1,6478.7,2169.9,-86.2,6429.7,1742.4,-114.4,6527.8,2123.4,158.7,6363.4,1692.5,117.4,6478.2,2124.3,238.3,6357.4,1679.5,196.7,6483.8,2083.8,278.0,6362.4,1704.0,242.3,6463.3,2083.1,228.4,6346.9,1685.4,190.5,6457.0,2054.6,243.7,6357.5,1713.7,211.6,6452.5
1937.9,64.4,6451.0,2034.4,52.4,6428.7,1837.4,50.7,6466.4,1926.1,-192.8,6417.4,2032.6,495.0,6422.8,1881.3,495.4,6474.7,1918.8,-439.2,6388.1,2111.4,866.2,6473.7,1923.5,848.8,6534.8,1932.3,954.2,6347.2,1874.1,948.3,6391.1,1994.2,966.2,6345.2,1832.1,948.1,6416.3,2151.5,933.4,6501.3,1943.2,906.2,6561.2,1859.5,-536.6,6295.8,1909.5,-573.9,6306.0,1835.8,-571.5,6326.9,1970.9,-554.3,6358.8,1851.5,-551.2,6392.7,2088.7,-391.4,6389.1,1790.1,-392.0,6452.0,2158.5,-86.3,6394.7,1738.2,-113.1,6504.9,2110.6,157.8,6329.3,1686.9,117.2,6455.9,2110.5,237.3,6322.3,1674.5,195.9,6461.9,2068.6,276.9,6327.6,1697.9,240.6,6440.4,2068.1,227.5,6311.8,1677.2,189.7,6434.5,2039.0,242.9,6322.9,1703.4,210.4,6429.5
1939.8,64.4,6452.3,2034.9,52.0,6427.2,1839.3,51.2,6470.4,1928.6,-192.8,6419.5,2033.2,494.1,6421.0,1883.3,496.6,6480.6,1921.3,-439.2,6391.3,2115.8,868.6,6469.6,1926.4,849.3,6540.6,1932.7,954.2,6349.9,1874.4,948.5,6398.9,1988.2,966.3,6344.2,1834.4,949.2,6425.8,2156.8,938.0,6496.2,1947.7,906.5,6567.6,1859.1,-536.7,6300.0,1908.5,-574.1,6308.8,1836.0,-571.7,6331.6,1970.9,-555.4,6360.6,1854.9,-551.4,6397.2,2088.7,-392.5,6387.5,1794.2,-391.4,6459.3,2157.2,-87.5,6390.2,1750.8,-112.3,6512.8,2108.1,157.0,6321.8,1689.9,117.5,6463.2,2108.1,236.7,6314.2,1677.9,196.1,6469.4,2067.3,276.4,6321.3,1700.7,240.7,6446.8,2065.2,226.9,6304.9,1681.1,189.8,6441.5,2037.1,242.3,6317.2,1707.6,210.5,6436.2
1942.6,64.8,6458.8,2037.1,52.1,6430.7,1846.1,52.4,6479.7,1931.8,-192.7,6426.8,2036.4,494.4,6425.7,1888.3,498.6,6491.1,1925.1,-439.6,6399.5,2119.3,872.1,6472.6,1931.0,850.6,6551.4,1934.5,955.2,6358.9,1875.9,949.8,6412.1,1986.0,967.3,6350.3,1837.7,950.9,6440.3,2160.8,942.3,6498.2,1954.1,907.4,6579.0,1860.7,-537.3,6309.1,1909.7,-574.9,6316.7,1838.4,-572.4,6341.3,1972.8,-556.9,6367.6,1859.3,-552.0,6406.8,2090.0,-394.0,6390.4,1806.4,-389.5,6472.1,2158.0,-88.6,6390.7,1768.4,-111.3,6526.5,2107.6,156.8,6319.9,1698.4,117.9,6477.9,2107.6,236.6,6311.7,1686.5,196.4,6484.5,2067.8,276.5,6320.5,1705.9,241.0,6461.1,2064.3,227.0,6303.7,1685.8,190.3,6456.0,2037.0,242.5,6317.0,1712.8,211.0,6450.5
1948.0,65.0,6463.6,2038.0,52.4,6432.5,1856.4,53.5,6487.2,1934.9,-192.7,6432.3,2039.3,495.0,6429.3,1893.7,500.3,6499.7,1927.8,-440.0,6405.8,2121.5,875.3,6476.2,1935.4,851.7,6560.2,1936.0,956.5,6367.8,1875.8,951.1,6423.8,1985.5,968.8,6356.9,1839.6,952.2,6452.7,2162.1,945.3,6501.8,1960.0,908.1,6588.4,1862.2,-537.7,6316.6,1910.8,-575.6,6322.9,1840.5,-572.8,6349.4,1974.5,-558.1,6373.0,1862.4,-552.4,6414.7,2090.4,-395.5,6391.5,1822.0,-386.7,6483.1,2158.9,-89.0,6389.4,1787.2,-109.9,6537.9,2105.8,157.6,6315.6,1710.1,118.2,6490.4,2105.7,240.1,6307.5,1697.4,196.8,6497.4,2066.2,282.6,6317.5,1713.1,241.2,6473.7,2061.6,230.6,6300.6,1691.3,190.7,6468.3,2034.8,247.0,6314.9,1716.9,211.4,6462.8
1953.6,65.9,6458.9,2037.3,52.2,6424.7,1867.9,54.0,6485.0,1937.8,-192.5,6428.3,2039.9,494.9,6423.3,1897.7,500.2,6498.5,1927.0,-440.2,6402.4,2120.2,876.3,6469.8,1937.2,851.4,6558.8,1933.6,956.3,6366.5,1871.7,950.9,6425.1,1982.4,968.9,6353.1,1837.4,951.8,6454.7,2161.3,946.3,6494.8,1963.4,907.8,6587.0,1860.9,-537.6,6314.4,1909.1,-575.6,6319.5,1840.3,-572.6,6347.8,1973.2,-558.7,6368.6,1862.8,-552.0,6412.8,2087.0,-396.6,6382.6,1836.0,-384.6,6484.2,2156.5,-89.2,6378.4,1802.7,-108.4,6539.4,2101.4,159.2,6302.8,1723.4,118.4,6493.8,2101.2,243.2,6294.8,1709.9,196.8,6500.9,2062.5,287.6,6306.1,1720.7,240.9,6477.0,2057.2,234.6,6288.7,1698.0,190.8,6471.1,2031.3,251.5,6303.9,1721.1,211.4,6465.8
1959.3,66.6,6450.1,2036.9,52.1,6412.8,1879.5,54.8,6479.3,1941.4,-192.1,6420.6,2039.5,494.2,6411.8,1900.4,501.0,6492.0,1926.4,-439.9,6395.4,2115.9,878.1,6457.4,1941.2,851.3,6552.4,1928.8,956.1,6358.5,1860.4,950.4,6422.3,1975.8,969.7,6341.7,1831.0,950.5,6452.4,2156.7,947.4,6481.8,1971.4,907.2,6580.6,1858.8,-537.0,6309.0,1906.6,-575.1,6312.9,1839.3,-571.9,6342.8,1970.9,-558.9,6360.8,1864.0,-551.1,6407.3,2082.2,-397.1,6369.9,1848.1,-382.8,6481.5,2152.5,-89.3,6363.0,1820.4,-106.8,6538.3,2095.0,160.0,6284.3,1739.3,118.4,6494.8,2094.8,244.0,6276.0,1726.2,196.3,6502.7,2057.0,289.5,6288.9,1731.9,240.1,6478.3,2050.6,236.2,6271.1,1709.1,190.5,6471.9,2025.7,253.3,6287.0,1729.2,211.1,6466.7
1965.0,67.6,6441.5,2037.5,52.2,6401.3,1889.2,56.0,6473.5,1946.1,-191.4,6413.0,2040.8,494.1,6401.0,1902.5,502.1,6485.6,1927.3,-439.4,6388.6,2113.7,880.0,6447.1,1947.2,851.8,6545.7,1926.2,956.4,6351.5,1848.0,949.4,6419.8,1971.6,970.5,6331.9,1823.6,947.8,6450.9,2154.0,948.7,6471.2,1981.0,908.0,6573.5,1857.3,-536.4,6303.5,1904.7,-574.6,6306.4,1838.6,-571.2,6338.0,1969.0,-558.8,6353.2,1866.5,-550.0,6402.0,2077.6,-397.8,6357.6,1859.9,-380.2,6479.0,2148.1,-89.3,6348.1,1838.2,-104.9,6536.8,2088.1,162.4,6266.4,1756.9,118.4,6495.9,2088.6,247.2,6258.2,1745.3,195.4,6505.5,2051.6,294.9,6272.6,1747.1,238.3,6480.4,2043.7,240.9,6254.5,1724.2,189.9,6474.1,2019.6,258.5,6271.2,1742.0,210.2,6468.6
1972.4,68.1,6442.5,2040.4,52.2,6399.3,1900.8,56.9,6477.3,1953.3,-190.7,6415.0,2044.7,494.7,6399.7,1906.9,502.0,6488.1,1932.2,-439.5,6391.3,2113.8,880.8,6447.3,1960.1,852.6,6547.8,1925.9,957.6,6353.6,1837.6,946.5,6427.8,1970.1,971.7,6331.8,1820.2,941.5,6460.3,2153.7,948.8,6471.3,1997.7,909.9,6575.2,1858.5,-536.2,6307.3,1905.7,-574.8,6309.2,1840.4,-571.0,6342.5,1969.9,-558.8,6355.0,1872.7,-549.2,6406.1,2075.9,-398.5,6354.9,1874.7,-379.0,6486.0,2146.3,-89.5,6342.4,1857.0,-102.6,6544.4,2084.2,163.9,6258.4,1776.9,118.7,6506.4,2085.6,248.5,6249.8,1767.2,195.6,6517.7,2049.4,297.0,6265.6,1767.9,237.8,6491.5,2040.5,243.1,6247.3,1743.3,190.0,6485.8,2017.2,260.7,6264.5,1759.8,210.0,6479.8
1978.2,69.0,6436.9,2041.3,52.1,6391.1,1910.9,58.4,6474.5,1958.3,-189.6,6410.3,2044.5,494.3,6390.6,1907.6,500.9,6482.9,1936.0,-439.2,6387.2,2112.2,881.3,6439.5,1976.1,852.4,6542.2,1924.3,957.5,6347.4,1830.9,940.9,6428.4,1966.4,971.5,6323.2,1818.5,934.1,6462.2,2151.1,949.3,6463.3,2016.6,910.8,6569.2,1857.6,-535.4,6304.2,1904.8,-574.4,6305.5,1839.8,-570.3,6340.0,1969.3,-558.4,6350.2,1878.4,-547.9,6403.1,2071.9,-398.5,6345.7,1886.1,-377.8,6485.6,2142.0,-89.4,6330.7,1873.3,-100.0,6544.8,2077.1,163.6,6245.1,1796.3,119.8,6510.6,2079.7,247.1,6236.0,1785.3,196.1,6522.8,2044.7,295.4,6253.4,1783.9,238.2,6495.4,2033.8,241.7,6234.8,1760.7,190.5,6490.8,2011.6,259.2,6252.2,1775.9,210.4,6484.0
1982.4,69.4,6428.5,2040.7,51.9,6380.2,1919.3,58.7,6468.7,1961.8,-188.9,6402.6,2042.7,493.3,6379.4,1907.5,498.8,6475.2,1938.9,-438.8,6379.7,2110.5,880.8,6430.7,1993.1,851.7,6533.5,1921.9,957.7,6340.6,1831.0,936.8,6425.6,1962.4,971.8,6314.9,1820.3,928.8,6461.0,2148.1,947.8,6454.4,2034.5,910.7,6560.2,1855.8,-534.2,6297.5,1902.8,-573.7,6298.1,1838.8,-569.3,6333.8,1968.5,-558.1,6341.9,1883.1,-546.6,6396.5,2067.1,-398.0,6333.4,1896.1,-377.7,6481.6,2136.8,-89.1,6316.3,1890.8,-97.8,6541.1,2067.7,164.1,6230.9,1818.6,121.5,6511.4,2072.2,246.8,6221.6,1806.4,196.5,6524.3,2038.8,295.2,6240.4,1803.2,238.8,6495.6,2025.7,241.7,6221.5,1781.6,191.5,6492.1,2004.8,259.1,6239.3,1795.9,210.6,6484.5
1985.6,69.4,6423.4,2040.1,51.7,6372.9,1925.8,58.8,6466.0,1964.9,-188.4,6398.3,2041.2,492.5,6371.2,1908.6,495.7,6469.8,1941.9,-438.7,6375.8,2109.6,879.8,6423.9,2009.0,850.9,6527.2,1919.7,957.3,6336.6,1835.2,933.9,6423.5,1957.7,971.5,6308.8,1822.6,925.1,6460.4,2146.3,946.6,6447.0,2052.6,910.5,6553.6,1854.9,-532.9,6294.4,1901.7,-573.3,6294.4,1839.0,-568.4,6331.1,1969.3,-557.9,6337.2,1887.5,-545.6,6393.4,2064.0,-397.8,6325.0,1904.9,-378.0,6480.6,2132.2,-88.7,6306.2,1907.1,-96.2,6540.6,2057.1,164.2,6221.6,1842.1,122.6,6515.5,2063.4,246.4,6212.2,1830.4,197.1,6528.9,2031.0,294.8,6232.3,1825.5,239.2,6498.9,2015.9,241.5,6213.4,1804.8,193.1,6496.5,1996.0,258.8,6231.3,1818.0,211.6,6488.4
1982.9,71.8,6421.9,2037.0,52.5,6369.0,1926.2,63.4,6467.3,1963.9,-187.6,6397.3,2041.8,492.2,6368.6,1917.6,492.9,6470.6,1943.8,-438.6,6375.3,2110.1,879.8,6419.6,2020.7,851.6,6525.8,1916.3,959.6,6337.8,1839.8,936.9,6429.1,1955.2,974.8,6307.6,1827.6,929.1,6466.9,2148.1,947.4,6442.7,2065.7,913.3,6550.6,1854.6,-532.3,6295.1,1901.6,-573.1,6294.0,1840.2,-568.1,6332.1,1969.5,-558.5,6335.2,1891.2,-546.1,6394.2,2061.6,-397.0,6320.1,1911.4,-378.2,6483.8,2126.0,-87.9,6299.4,1923.1,-97.0,6545.8,2040.6,164.8,6219.1,1869.7,122.5,6526.3,2045.0,247.9,6208.5,1861.1,197.4,6542.5,2007.1,294.9,6229.4,1851.4,239.1,6511.5,1991.1,242.0,6211.5,1832.7,193.1,6510.3,1971.2,258.9,6229.5,1841.4,211.8,6501.3
1986.0,72.8,6420.4,2034.7,52.6,6364.7,1935.3,63.3,6468.8,1966.1,-187.1,6396.3,2042.3,492.3,6366.2,1928.2,491.6,6472.4,1944.7,-438.7,6374.8,2108.0,880.4,6416.4,2032.6,851.6,6523.3,1914.5,959.6,6338.9,1843.9,936.8,6434.0,1950.3,974.7,6307.6,1843.8,929.2,6472.6,2145.6,947.7,6438.3,2075.6,913.7,6546.6,1854.7,-532.5,6296.4,1901.5,-573.1,6294.0,1842.1,-568.0,6333.8,1969.7,-558.6,6333.5,1896.9,-546.5,6394.9,2057.1,-396.5,6314.3,1920.8,-378.0,6486.7,2113.3,-87.8,6292.3,1941.0,-96.9,6550.8,2024.7,164.1,6216.7,1890.0,122.5,6534.3,2030.5,246.9,6206.8,1881.2,197.4,6550.7,1995.0,293.8,6227.8,1871.5,239.1,6519.2,1978.5,241.0,6210.3,1855.3,193.2,6518.2,1960.4,258.0,6228.6,1863.2,211.9,6508.8
1988.2,72.7,6421.1,2033.5,52.6,6362.8,1942.0,63.3,6472.4,1968.2,-186.9,6397.9,2043.0,492.8,6365.5,1941.8,491.9,6475.5,1946.8,-439.0,6377.4,2107.0,880.8,6413.9,2046.0,853.0,6521.8,1913.5,959.9,6340.2,1853.6,937.4,6438.8,1946.9,975.5,6307.8,1861.4,930.0,6477.9,2144.6,948.0,6434.6,2087.4,916.4,6543.5,1855.0,-532.4,6300.9,1901.8,-573.2,6297.0,1844.3,-567.9,6338.5,1970.4,-558.9,6334.6,1902.8,-547.0,6398.8,2054.1,-396.3,6311.6,1929.4,-378.2,6492.6,2102.0,-87.7,6288.1,1954.7,-96.3,6557.8,2012.3,164.0,6216.0,1906.4,122.8,6545.0,2017.9,246.6,6206.0,1898.3,197.6,6562.6,1984.3,293.6,6227.5,1887.4,239.0,6530.5,1966.4,240.8,6210.1,1872.0,193.4,6529.8,1950.0,257.8,6228.5,1878.2,212.0,6520.0
1993.6,73.0,6432.7,2036.2,52.7,6371.7,1951.1,63.6,6486.9,1973.3,-187.1,6410.2,2047.7,494.5,6376.4,1961.4,493.4,6489.7,1951.2,-440.1,6390.6,2109.8,882.9,6422.9,2057.7,856.5,6531.5,1916.7,961.5,6352.3,1866.0,939.1,6454.8,1948.2,977.2,6318.9,1876.9,931.8,6494.4,2146.9,950.0,6442.4,2096.3,921.4,6551.4,1858.1,-533.4,6316.0,1904.7,-574.3,6310.6,1849.3,-568.9,6353.8,1974.1,-560.1,6346.3,1910.3,-548.3,6413.2,2052.5,-396.7,6319.4,1940.5,-379.3,6509.3,2096.3,-87.9,6294.0,1973.5,-97.2,6575.6,2006.3,164.0,6225.9,1938.5,123.1,6567.8,2010.3,246.3,6215.6,1932.1,197.0,6587.0,1978.1,293.3,6238.3,1919.0,237.1,6553.9,1959.7,240.6,6221.2,1905.1,193.4,6554.9,1944.5,257.6,6239.5,1907.3,210.6,6544.0
1998.2,73.5,6440.0,2036.7,52.8,6376.5,1960.5,63.6,6497.1,1977.6,-187.4,6418.2,2050.0,495.8,6382.7,1976.5,493.7,6499.4,1954.5,-441.0,6399.3,2111.1,883.9,6427.0,2065.3,858.4,6536.9,1917.9,962.7,6360.7,1875.7,940.4,6465.8,1947.6,978.5,6326.2,1887.8,933.1,6505.8,2147.9,950.8,6445.4,2102.7,923.9,6554.8,1859.3,-534.0,6326.7,1905.5,-575.0,6319.8,1852.8,-569.5,6364.9,1976.1,-560.9,6353.6,1916.7,-549.3,6423.3,2049.0,-397.0,6323.1,1952.9,-380.1,6521.4,2089.7,-88.2,6295.6,1990.4,-97.9,6589.1,1999.6,163.1,6232.2,1967.0,123.3,6585.3,2000.0,245.2,6221.4,1962.7,194.8,6605.6,1970.5,291.7,6245.7,1946.9,232.7,6571.5,1951.3,239.6,6228.7,1935.8,191.7,6573.8,1938.1,256.2,6247.2,1934.8,206.7,6562.1
1998.1,73.4,6435.7,2033.0,52.7,6370.1,1965.1,63.4,6495.5,1977.5,-187.3,6414.9,2049.1,497.3,6378.2,1985.5,493.9,6497.5,1954.1,-441.1,6397.2,2108.5,884.5,6419.4,2068.1,860.2,6530.6,1915.2,962.1,6357.0,1880.6,940.2,6464.1,1942.8,978.2,6321.5,1893.5,933.0,6504.3,2145.1,951.0,6436.5,2104.1,925.7,6546.2,1856.7,-533.5,6327.0,1901.8,-574.5,6318.6,1852.9,-569.1,6365.4,1974.7,-560.7,6350.2,1919.4,-549.5,6422.5,2041.7,-396.5,6316.6,1958.5,-380.4,6522.2,2080.4,-88.2,6286.2,1998.1,-98.6,6589.9,1988.3,161.1,6227.2,1978.2,123.2,6590.4,1986.3,243.3,6215.6,1976.0,192.6,6612.0,1958.3,289.4,6241.1,1958.9,229.4,6577.0,1938.4,237.7,6224.2,1948.9,189.6,6580.9,1925.7,253.9,6242.3,1946.4,203.0,6568.5
1997.1,73.1,6432.0,2029.1,52.6,6364.7,1966.7,63.1,6493.9,1976.8,-187.1,6412.0,2048.5,499.2,6375.3,1990.8,494.1,6496.0,1953.7,-440.9,6395.5,2106.9,886.0,6414.4,2067.5,863.2,6526.1,1913.6,962.0,6355.2,1882.4,940.3,6464.2,1939.5,978.4,6318.9,1895.6,933.3,6504.6,2143.4,952.0,6430.4,2103.0,928.4,6539.9,1853.5,-532.0,6327.3,1897.3,-573.5,6317.6,1852.9,-568.3,6365.8,1973.6,-560.3,6347.2,1921.9,-549.6,6421.8,2035.2,-396.0,6310.8,1961.8,-380.5,6522.9,2071.7,-88.0,6278.1,2002.1,-100.1,6589.8,1977.5,160.1,6223.3,1982.5,122.9,6593.7,1973.6,241.7,6211.1,1981.6,189.1,6617.7,1947.5,286.5,6237.4,1963.7,224.1,6582.1,1927.2,235.7,6220.6,1954.5,186.0,6587.3,1915.4,251.3,6238.1,1951.7,198.1,6574.4
1997.4,73.2,6429.6,2026.0,52.7,6360.9,1970.3,63.0,6493.6,1977.1,-187.0,6410.5,2048.0,499.9,6373.2,1993.9,494.1,6495.1,1953.6,-440.9,6395.1,2105.3,885.9,6409.9,2067.3,863.5,6522.0,1912.4,961.8,6353.9,1885.4,940.4,6463.9,1937.5,978.0,6317.0,1898.4,933.5,6504.3,2141.5,952.3,6424.5,2102.8,928.9,6534.1,1850.3,-530.5,6329.1,1892.2,-572.5,6318.1,1853.2,-567.6,6367.7,1972.4,-560.1,6345.6,1924.9,-549.9,6422.5,2028.9,-395.7,6306.6,1966.8,-380.8,6524.6,2064.7,-87.7,6271.7,2005.1,-101.4,6590.9,1966.9,159.7,6221.2,1984.1,122.6,6597.4,1961.8,240.4,6208.7,1983.5,187.1,6622.9,1937.9,283.7,6235.6,1965.0,221.1,6586.6,1917.5,234.2,6218.8,1956.6,183.8,6593.0,1906.9,249.2,6235.8,1953.7,195.1,6579.7
1996.4,74.3,6424.5,2020.7,53.2,6354.3,1972.7,63.0,6490.4,1976.4,-186.4,6406.1,2045.9,500.0,6368.2,1995.3,494.0,6491.4,1952.7,-440.7,6391.4,2103.0,884.8,6402.8,2065.7,862.9,6515.1,1910.5,961.2,6350.8,1885.7,940.1,6461.7,1934.5,977.2,6313.0,1898.9,933.2,6502.2,2138.9,951.2,6416.3,2100.9,927.9,6525.5,1846.9,-528.5,6327.6,1887.5,-571.1,6315.5,1852.7,-566.6,6366.3,1969.6,-559.6,6340.9,1926.9,-549.8,6419.9,2022.2,-394.9,6299.6,1971.6,-380.7,6522.5,2055.3,-87.2,6262.4,2005.0,-101.9,6589.1,1956.5,160.2,6216.3,1983.4,122.8,6598.1,1951.0,240.6,6203.4,1982.7,187.1,6623.6,1928.4,283.9,6231.1,1963.9,221.3,6586.7,1909.1,234.4,6214.3,1956.3,183.7,6594.2,1899.0,249.2,6231.0,1953.4,195.0,6580.6
1995.6,76.3,6420.4,2016.3,54.0,6348.9,1974.6,63.4,6488.0,1976.0,-185.6,6402.7,2044.1,501.1,6363.7,1994.8,494.5,6488.1,1951.9,-440.6,6388.9,2100.5,884.5,6395.5,2064.4,863.7,6508.6,1909.1,960.5,6347.3,1885.5,939.7,6458.7,1932.2,976.4,6308.6,1898.9,932.9,6499.3,2136.0,950.9,6407.9,2098.8,928.2,6516.9,1843.8,-526.7,6327.1,1883.6,-569.8,6314.1,1852.5,-565.6,6365.9,1966.4,-559.3,6337.6,1927.8,-549.8,6418.5,2016.2,-394.5,6294.1,1976.1,-380.7,6521.2,2048.4,-86.9,6254.6,2004.8,-101.9,6588.2,1949.3,159.7,6212.3,1982.4,122.9,6598.9,1941.5,239.0,6199.4,1981.2,186.6,6624.2,1919.0,280.1,6227.9,1961.8,220.3,6587.0,1901.7,232.0,6211.1,1955.2,182.9,6595.7,1892.0,246.1,6227.5,1952.2,193.8,6581.8
1991.4,78.8,6405.5,2009.4,55.5,6332.9,1972.4,64.4,6474.6,1972.2,-184.0,6388.5,2038.9,500.5,6348.5,1987.7,493.5,6473.8,1947.7,-439.6,6375.3,2094.8,882.6,6378.2,2058.7,862.8,6491.2,1904.1,958.0,6333.8,1881.1,937.8,6445.0,1925.6,974.0,6294.2,1894.6,931.1,6485.8,2130.1,949.2,6389.6,2092.8,926.9,6498.1,1837.8,-524.2,6315.3,1876.7,-567.7,6301.5,1848.9,-563.6,6354.1,1959.3,-558.0,6323.4,1924.9,-548.7,6405.7,2007.4,-393.3,6277.8,1977.1,-379.9,6508.2,2037.4,-86.3,6236.7,2000.2,-101.2,6575.6,1938.0,159.5,6198.1,1975.6,123.0,6588.0,1928.9,238.4,6185.1,1974.5,186.9,6613.0,1905.3,278.7,6214.2,1955.0,221.1,6575.8,1888.7,231.0,6197.2,1948.7,183.3,6585.4,1879.0,244.9,6213.3,1945.7,194.4,6571.4
1985.7,79.3,6386.4,2003.3,57.5,6313.7,1968.1,65.1,6456.2,1966.7,-182.7,6370.2,2033.6,500.1,6331.4,1980.1,492.5,6456.3,1942.8,-438.3,6357.7,2090.3,880.5,6359.5,2052.8,859.9,6473.0,1898.7,955.5,6318.3,1877.0,936.1,6429.1,1921.1,971.6,6278.3,1889.8,929.3,6469.2,2127.2,948.8,6370.7,2088.6,924.6,6479.5,1826.9,-521.7,6299.5,1866.1,-566.1,6285.1,1843.3,-562.0,6338.0,1953.0,-556.7,6305.2,1921.2,-547.8,6388.7,2002.3,-392.1,6258.7,1971.1,-378.9,6491.2,2030.8,-84.7,6216.3,1997.1,-101.3,6558.9,1925.3,159.1,6177.2,1970.6,122.5,6575.9,1918.1,238.3,6162.8,1969.8,185.3,6602.9,1892.4,279.5,6192.2,1949.4,219.1,6565.2,1873.0,231.3,6175.6,1943.2,181.8,6577.1,1862.7,245.6,6191.2,1940.4,193.0,6563.4
1987.2,80.0,6388.3,2002.7,57.2,6314.6,1971.2,64.9,6459.3,1969.0,-182.5,6372.8,2033.3,499.5,6332.3,1979.6,492.4,6459.0,1944.6,-438.6,6360.8,2090.2,880.0,6359.8,2051.7,859.1,6473.4,1899.6,955.5,6320.5,1878.1,936.4,6431.5,1921.8,971.6,6279.7,1890.9,929.8,6471.9,2126.7,947.6,6370.2,2087.1,923.2,6478.9,1829.6,-521.6,6304.0,1868.1,-565.9,6289.2,1844.9,-561.9,6342.6,1952.3,-556.9,6307.9,1924.9,-548.3,6392.6,2001.2,-391.8,6259.3,1980.5,-379.1,6494.7,2028.7,-84.8,6216.0,1999.8,-101.2,6562.8,1924.5,159.2,6178.4,1971.3,122.4,6581.0,1915.9,238.3,6164.0,1970.5,185.0,6608.2,1890.1,279.3,6194.3,1950.0,218.8,6570.5,1872.2,231.2,6177.4,1944.0,181.7,6583.2,1862.1,245.5,6192.9,1941.3,192.9,6569.6
1985.1,80.7,6379.9,1999.7,57.5,6305.6,1969.3,65.0,6451.7,1967.3,-181.7,6365.0,2029.2,498.3,6323.6,1961.3,491.0,6451.0,1942.8,-438.1,6353.7,2087.6,878.5,6351.8,2048.0,857.5,6464.8,1898.1,954.5,6314.1,1875.7,935.4,6424.7,1920.6,970.4,6272.8,1888.3,928.9,6465.4,2123.9,945.6,6361.5,2082.9,921.5,6470.1,1828.0,-520.8,6298.3,1865.9,-565.0,6283.2,1843.4,-561.0,6336.9,1948.1,-556.3,6300.5,1924.5,-547.7,6386.2,1997.3,-390.9,6250.1,1981.5,-378.5,6487.6,2023.2,-84.1,6206.1,1997.6,-100.6,6555.3,1920.3,159.2,6170.4,1968.3,122.4,6574.5,1910.9,237.9,6155.9,1967.5,185.3,6601.9,1885.7,278.2,6186.7,1947.9,219.0,6564.4,1868.1,230.6,6169.6,1941.6,182.1,6577.6,1858.6,244.9,6185.1,1939.1,193.3,6564.0
1983.9,81.1,6376.1,1998.2,57.9,6301.4,1967.6,65.4,6448.6,1966.6,-181.1,6361.9,2025.9,497.8,6319.5,1928.7,486.4,6446.1,1942.1,-437.9,6351.2,2086.3,877.5,6347.9,2044.1,855.2,6460.3,1897.6,954.2,6311.2,1874.3,934.9,6421.5,1919.9,969.8,6269.4,1886.7,928.5,6462.7,2122.3,944.7,6357.0,2080.7,918.0,6465.2,1827.0,-520.4,6296.8,1864.8,-564.6,6281.6,1842.9,-560.6,6335.5,1945.5,-556.0,6297.7,1924.3,-547.5,6384.3,1995.2,-390.6,6245.5,1981.4,-378.1,6485.2,2020.1,-83.4,6201.2,1996.4,-99.3,6552.3,1916.0,159.1,6167.4,1967.2,122.4,6571.9,1904.8,237.2,6152.6,1966.5,185.5,6599.5,1879.9,276.1,6184.0,1945.1,219.2,6562.2,1863.7,229.2,6166.9,1939.4,182.3,6575.5,1854.4,243.3,6182.5,1935.7,193.6,6562.1
1980.5,81.2,6365.3,1994.4,58.3,6290.0,1964.3,65.3,6438.3,1963.6,-180.7,6351.3,2020.7,496.3,6308.2,1900.7,479.3,6434.2,1939.2,-437.3,6341.1,2082.7,875.0,6337.1,2034.0,850.2,6449.2,1894.9,952.9,6301.9,1870.9,933.3,6410.9,1917.4,968.1,6259.6,1882.5,926.9,6452.4,2118.4,941.9,6346.0,2073.2,911.8,6453.7,1824.2,-519.5,6287.7,1861.4,-563.6,6272.2,1840.3,-559.6,6326.4,1940.6,-555.2,6287.2,1922.1,-546.7,6374.6,1990.7,-389.8,6233.5,1979.3,-377.5,6475.2,2014.0,-81.8,6189.1,1993.3,-97.9,6541.8,1905.2,160.5,6157.3,1961.9,122.5,6561.9,1891.5,237.1,6142.2,1960.8,185.5,6589.8,1867.2,276.5,6174.5,1936.5,219.1,6552.7,1852.6,229.5,6157.4,1931.5,182.2,6565.8,1843.8,243.5,6173.3,1926.4,193.5,6552.5
1976.1,81.0,6351.1,1989.8,58.3,6275.5,1959.9,65.2,6424.6,1959.4,-180.1,6337.5,2013.4,494.6,6293.7,1877.7,473.3,6418.9,1935.2,-436.4,6327.8,2078.2,872.8,6323.7,2020.9,845.8,6435.1,1891.2,950.7,6289.1,1860.2,930.7,6396.9,1913.8,965.6,6246.6,1869.5,924.3,6439.1,2113.7,939.4,6332.3,2061.2,906.8,6439.3,1820.5,-518.5,6274.9,1857.8,-562.3,6259.4,1836.6,-558.3,6313.7,1935.9,-554.0,6273.7,1918.1,-545.6,6361.6,1985.3,-388.9,6218.6,1975.6,-376.6,6461.9,2007.1,-80.2,6174.0,1988.9,-96.5,6527.9,1897.2,160.9,6144.0,1954.9,122.4,6548.3,1882.3,236.7,6128.8,1953.2,185.3,6576.5,1858.3,276.0,6162.1,1927.0,218.8,6539.6,1844.8,229.0,6144.8,1922.6,181.9,6552.5,1836.2,242.9,6161.0,1916.6,193.2,6539.3
1974.2,81.5,6345.8,1987.4,58.3,6269.7,1958.0,65.3,6419.8,1957.7,-179.7,6332.5,2008.7,493.3,6287.2,1860.7,468.5,6412.0,1933.7,-436.1,6323.2,2076.3,871.5,6317.8,2006.5,842.4,6429.4,1889.5,949.2,6282.8,1840.8,928.5,6391.6,1912.0,963.6,6240.3,1846.7,921.8,6434.2,2111.7,937.8,6326.2,2046.6,904.3,6433.8,1819.5,-518.4,6270.7,1856.8,-562.0,6255.1,1835.5,-558.0,6309.5,1934.0,-553.6,6269.0,1916.8,-545.2,6357.3,1982.0,-388.4,6212.6,1974.3,-376.2,6457.3,2002.9,-79.0,6167.6,1986.8,-94.8,6523.1,1893.8,160.8,6139.2,1948.2,122.5,6543.1,1877.8,236.5,6124.3,1945.7,185.4,6571.0,1853.6,275.4,6158.5,1918.9,218.7,6534.2,1841.8,228.5,6141.1,1914.6,182.0,6546.8,1833.0,242.2,6157.5,1908.8,193.2,6533.7
1973.9,81.4,6346.8,1986.6,58.2,6270.4,1958.0,65.3,6421.3,1957.7,-179.7,6333.7,2006.0,492.0,6287.1,1850.2,465.1,6411.6,1934.0,-436.2,6324.8,2076.7,871.1,6318.6,1987.3,841.7,6430.9,1889.7,948.7,6282.8,1810.6,927.2,6394.5,1912.1,963.0,6240.6,1817.1,919.1,6436.9,2112.1,937.4,6327.0,2025.9,905.0,6435.8,1819.9,-518.8,6272.2,1857.6,-562.2,6256.6,1835.9,-558.2,6311.1,1934.3,-553.7,6270.3,1916.7,-545.3,6359.1,1980.8,-388.1,6212.8,1973.5,-376.0,6459.2,2000.5,-77.8,6167.5,1986.5,-92.5,6524.6,1891.8,160.7,6139.9,1939.7,122.9,6544.2,1875.4,236.5,6125.2,1936.2,186.6,6572.4,1850.7,274.9,6160.0,1910.0,219.8,6535.6,1840.2,228.0,6142.6,1905.7,182.7,6547.9,1831.1,241.6,6159.2,1900.5,193.8,6534.8
1975.5,81.3,6358.1,1988.4,58.1,6281.2,1959.1,65.3,6433.2,1960.6,-180.1,6345.1,2007.6,492.4,6297.7,1846.0,464.0,6422.3,1937.3,-437.0,6336.5,2080.2,872.6,6329.3,1961.0,842.6,6443.6,1892.2,949.5,6292.1,1769.7,926.6,6407.9,1915.0,964.2,6251.1,1778.5,916.8,6450.2,2115.7,939.3,6337.4,1997.7,907.7,6449.1,1823.1,-520.1,6283.7,1861.2,-563.4,6268.2,1839.1,-559.4,6322.8,1937.6,-554.7,6281.7,1920.0,-546.4,6371.1,1982.8,-388.7,6223.2,1976.4,-376.6,6471.4,2001.4,-77.6,6177.2,1987.6,-91.6,6536.7,1893.6,160.7,6150.7,1935.8,123.2,6556.0,1877.1,236.6,6136.1,1932.1,187.7,6584.3,1851.9,274.1,6171.6,1906.9,220.9,6547.4,1842.3,227.1,6154.2,1902.5,183.4,6559.5,1833.1,240.4,6170.9,1898.2,194.5,6546.4
1974.5,81.3,6370.5,1988.4,58.1,6293.2,1957.5,65.4,6446.2,1962.3,-180.5,6357.9,2009.0,492.5,6308.3,1841.5,462.8,6435.0,1940.3,-437.9,6349.9,2083.2,873.5,6338.5,1927.1,844.4,6455.9,1894.0,950.4,6300.3,1728.2,924.1,6422.3,1917.4,965.5,6260.5,1736.8,913.2,6464.3,2118.8,940.7,6346.2,1962.1,910.4,6463.1,1826.7,-521.7,6296.8,1865.3,-564.7,6281.4,1841.9,-560.6,6336.0,1941.4,-555.9,6295.0,1921.7,-547.4,6384.7,1984.7,-389.5,6235.3,1978.4,-377.0,6485.2,2001.6,-77.1,6188.4,1986.3,-89.9,6550.2,1895.0,160.8,6162.9,1929.9,123.6,6569.4,1879.0,236.7,6148.5,1926.2,188.9,6597.9,1853.8,273.5,6184.4,1902.7,222.3,6560.7,1844.6,226.7,6167.2,1898.3,184.1,6572.8,1835.3,239.9,6184.0,1895.1,195.3,6559.6
1972.4,81.4,6383.8,1988.2,58.2,6306.1,1953.8,65.5,6459.9,1962.6,-180.8,6371.2,2011.5,493.0,6320.0,1841.4,464.1,6449.5,1942.2,-438.8,6363.3,2086.3,874.8,6348.1,1891.2,846.8,6470.2,1896.7,951.8,6310.1,1691.6,920.1,6439.0,1920.1,966.8,6271.5,1698.9,910.0,6480.1,2122.1,942.1,6355.3,1922.1,913.3,6478.6,1829.5,-523.5,6309.6,1869.0,-566.0,6294.4,1843.0,-561.8,6349.0,1944.4,-557.0,6308.3,1920.2,-548.4,6398.1,1985.7,-390.0,6248.0,1978.9,-377.5,6498.8,2000.6,-76.7,6200.2,1985.2,-89.3,6564.2,1896.7,160.8,6175.3,1928.4,124.2,6583.1,1880.7,237.1,6161.2,1924.7,190.2,6612.1,1855.2,274.1,6197.7,1901.7,223.9,6574.8,1846.4,227.1,6180.7,1897.6,185.0,6586.8,1836.9,240.4,6197.4,1894.5,196.3,6573.6
1959.7,81.8,6388.4,1979.7,59.7,6310.8,1940.2,66.3,6464.3,1955.0,-179.9,6375.1,2010.4,494.1,6325.3,1835.5,465.7,6454.9,1937.6,-438.5,6366.9,2087.8,875.2,6352.7,1840.7,848.1,6476.2,1897.1,952.9,6315.2,1638.9,911.9,6447.6,1921.4,967.9,6276.4,1643.4,905.5,6488.6,2124.1,943.0,6360.6,1866.8,915.8,6484.0,1824.7,-524.4,6312.3,1866.2,-566.4,6297.3,1834.6,-562.1,6351.9,1940.0,-557.3,6311.8,1904.5,-548.0,6401.7,1981.9,-390.0,6252.2,1969.7,-377.3,6502.1,1996.2,-74.5,6204.4,1978.1,-88.3,6569.6,1888.2,160.8,6180.0,1930.6,125.2,6590.5,1874.1,237.1,6164.5,1928.1,192.0,6618.7,1848.9,274.4,6200.4,1902.3,226.9,6582.3,1837.4,227.1,6184.7,1898.5,186.9,6596.0,1828.1,240.4,6201.1,1893.7,198.5,6582.8
1952.1,82.0,6390.9,1975.7,59.9,6313.1,1929.9,66.8,6466.8,1945.5,-179.4,6377.5,2008.4,494.3,6328.6,1829.0,467.1,6457.9,1929.3,-438.1,6369.3,2088.3,874.9,6357.1,1807.9,848.7,6479.2,1898.4,953.5,6320.7,1593.1,902.8,6450.9,1923.3,968.0,6281.8,1599.4,897.1,6491.9,2125.1,943.1,6366.1,1830.5,918.3,6484.9,1818.8,-524.5,6314.3,1861.2,-566.7,6299.2,1827.0,-562.2,6354.1,1936.2,-557.2,6314.3,1897.5,-546.5,6403.9,1975.6,-389.8,6254.9,1956.2,-376.0,6504.7,1992.9,-74.8,6206.5,1967.7,-87.2,6572.0,1884.8,160.8,6181.4,1926.9,125.5,6593.0,1871.2,237.1,6165.5,1924.8,191.9,6621.4,1845.4,274.7,6201.4,1899.4,226.9,6585.2,1833.7,227.3,6185.8,1895.3,186.9,6599.3,1823.5,240.5,6202.2,1890.3,198.9,6586.2
1946.4,83.1,6399.9,1971.2,60.4,6321.6,1924.5,67.7,6475.9,1939.1,-179.1,6386.1,2008.2,495.1,6337.5,1826.7,469.0,6469.9,1922.4,-438.4,6377.5,2089.9,875.2,6366.4,1781.9,850.1,6491.3,1901.2,954.7,6331.2,1563.8,892.2,6464.3,1926.4,968.6,6291.6,1571.8,888.8,6504.9,2127.0,943.6,6375.5,1798.8,920.5,6494.7,1814.4,-525.2,6322.4,1856.7,-567.5,6306.9,1821.2,-562.8,6362.2,1931.3,-557.5,6322.5,1891.0,-545.3,6412.0,1969.0,-390.3,6263.2,1948.2,-375.0,6513.0,1988.2,-75.6,6214.8,1958.3,-86.7,6581.3,1884.5,158.8,6189.4,1921.8,125.5,6602.0,1871.1,235.2,6173.6,1920.0,191.8,6630.1,1845.6,273.5,6209.6,1895.6,227.1,6593.9,1834.3,225.4,6193.9,1891.4,186.9,6608.2,1823.5,238.7,6210.4,1886.8,199.1,6595.1
1938.8,84.3,6404.8,1964.7,61.1,6326.3,1915.9,69.1,6480.9,1930.6,-178.4,6390.9,2006.5,496.1,6342.3,1822.1,472.0,6477.4,1913.3,-438.1,6382.2,2090.6,875.7,6371.2,1754.4,851.1,6498.5,1902.4,955.1,6337.4,1544.9,884.4,6473.6,1928.2,968.8,6297.1,1553.8,881.5,6513.7,2127.7,944.1,6380.6,1770.8,922.9,6500.2,1808.5,-525.8,6326.4,1852.1,-567.9,6311.0,1812.5,-563.1,6366.2,1923.6,-557.4,6327.4,1878.4,-543.2,6416.5,1962.1,-390.3,6268.1,1937.2,-373.0,6517.8,1981.4,-75.9,6219.3,1947.2,-85.8,6586.3,1881.3,156.7,6193.5,1914.1,125.8,6607.1,1868.6,233.0,6177.7,1912.6,191.9,6635.1,1843.4,271.9,6213.8,1889.8,227.3,6598.8,1832.2,223.5,6198.3,1885.1,187.1,6613.3,1821.3,236.9,6214.8,1881.2,199.5,6600.1
1930.1,85.9,6409.8,1955.6,62.1,6331.1,1907.4,70.9,6486.0,1921.3,-177.2,6395.6,2003.7,497.4,6347.5,1818.0,475.6,6486.3,1901.2,-437.0,6386.4,2090.3,875.7,6375.8,1738.2,851.4,6506.3,1903.8,955.4,6343.9,1531.7,876.8,6483.6,1929.9,968.6,6302.8,1542.7,873.5,6523.3,2128.1,944.1,6385.3,1752.4,923.9,6506.0,1801.2,-526.1,6329.8,1845.8,-568.2,6314.7,1802.9,-563.1,6369.7,1913.5,-556.1,6331.7,1865.4,-540.8,6420.5,1952.1,-389.7,6272.7,1924.7,-369.8,6522.1,1973.7,-76.1,6224.5,1936.4,-84.8,6591.0,1876.4,156.3,6198.4,1904.2,126.3,6612.4,1864.0,232.7,6182.9,1902.8,192.2,6640.6,1838.8,271.9,6219.3,1881.0,227.7,6604.1,1828.2,223.5,6203.9,1876.8,187.3,6618.7,1817.2,236.9,6220.5,1873.3,200.0,6605.5
1918.4,88.8,6413.8,1942.3,64.8,6334.9,1896.1,74.4,6490.1,1908.7,-174.7,6399.3,2000.7,499.8,6351.5,1810.7,482.0,6492.6,1889.0,-434.8,6389.6,2090.1,875.7,6379.7,1724.0,852.3,6511.3,1905.1,955.6,6349.7,1521.8,875.7,6489.4,1931.5,968.5,6308.1,1533.6,873.0,6528.9,2128.6,943.9,6389.9,1736.8,926.4,6509.4,1788.9,-526.1,6332.8,1833.9,-568.2,6317.7,1792.6,-562.3,6372.7,1904.0,-553.2,6334.9,1858.0,-538.0,6423.4,1941.4,-388.1,6276.3,1913.3,-367.1,6525.4,1964.8,-76.0,6228.5,1926.8,-83.5,6594.8,1869.9,156.5,6202.6,1897.2,127.1,6616.4,1857.4,232.4,6187.0,1895.2,192.7,6644.5,1833.1,271.5,6223.6,1873.7,228.2,6607.9,1822.5,223.5,6208.3,1870.4,187.6,6622.5,1811.9,236.8,6224.8,1866.9,200.6,6609.2
1905.1,93.1,6419.7,1928.5,68.6,6340.7,1883.3,79.5,6496.1,1895.3,-171.1,6404.8,1999.6,504.8,6357.9,1802.8,490.5,6501.0,1877.1,-432.7,6394.6,2091.0,876.4,6385.4,1721.0,853.6,6519.2,1906.8,956.2,6357.3,1516.0,880.2,6496.8,1933.7,968.7,6315.2,1526.3,877.1,6536.1,2130.2,944.6,6395.5,1734.5,928.9,6516.5,1777.1,-526.4,6337.4,1820.6,-568.5,6322.4,1780.2,-561.6,6377.4,1893.3,-551.8,6339.8,1845.7,-536.2,6428.1,1931.0,-386.4,6281.7,1899.5,-364.2,6530.6,1955.8,-76.1,6234.5,1917.7,-82.4,6600.5,1859.1,155.3,6209.1,1887.5,127.6,6621.7,1846.5,230.9,6192.9,1883.8,192.9,6649.5,1823.1,270.5,6229.5,1863.3,228.3,6613.2,1812.4,222.5,6214.5,1860.4,187.6,6627.4,1801.6,235.6,6231.0,1857.0,200.6,6614.1
1894.2,95.4,6436.5,1918.7,71.6,6357.4,1870.5,82.3,6513.0,1882.9,-168.8,6421.7,1999.0,507.8,6375.0,1794.8,495.5,6519.3,1865.3,-430.8,6411.5,2094.2,877.8,6402.0,1721.8,856.5,6536.9,1911.7,958.2,6374.8,1517.5,886.6,6514.0,1939.0,970.4,6332.7,1525.9,882.6,6552.8,2134.6,945.9,6411.8,1737.8,932.1,6533.8,1769.9,-527.6,6353.1,1814.0,-569.3,6338.6,1769.7,-562.1,6393.3,1881.4,-550.1,6356.6,1829.0,-535.3,6444.6,1920.3,-384.6,6298.5,1886.2,-362.7,6547.7,1944.6,-76.3,6250.5,1908.4,-82.9,6617.5,1851.3,153.5,6225.5,1881.2,127.6,6638.6,1840.2,228.7,6208.2,1878.1,193.2,6666.2,1816.5,268.5,6244.3,1857.9,228.3,6630.0,1805.4,220.7,6230.0,1855.4,187.3,6644.1,1793.8,234.0,6246.1,1851.8,200.6,6630.7
1881.0,97.5,6447.8,1904.5,74.0,6368.8,1855.2,83.7,6524.3,1869.3,-167.1,6433.1,1993.6,510.8,6385.3,1785.0,500.1,6532.2,1851.0,-429.0,6422.9,2095.0,878.6,6411.0,1720.1,859.0,6549.8,1914.2,959.2,6384.2,1519.6,889.6,6526.9,1941.8,971.0,6341.7,1526.5,885.9,6565.3,2136.6,946.6,6420.6,1737.5,934.2,6546.7,1754.2,-528.2,6364.3,1800.0,-569.4,6350.0,1757.4,-562.1,6404.5,1869.3,-547.3,6367.9,1819.6,-534.8,6455.9,1906.5,-382.5,6310.0,1871.4,-360.7,6559.1,1932.5,-76.0,6261.5,1891.8,-82.2,6628.8,1843.5,153.8,6236.6,1869.0,128.2,6649.5,1833.9,228.8,6218.8,1866.9,193.5,6676.9,1810.9,268.7,6254.5,1847.8,228.6,6641.1,1799.8,221.0,6240.4,1844.6,187.5,6654.9,1787.9,234.5,6256.3,1841.5,200.9,6641.5
1866.6,97.8,6452.9,1891.4,74.5,6374.0,1837.3,83.4,6529.2,1853.1,-166.3,6438.2,1981.6,510.0,6387.9,1770.1,502.1,6539.7,1834.6,-428.3,6427.9,2093.9,878.2,6412.4,1718.1,860.1,6557.8,1914.4,959.1,6386.3,1520.7,895.2,6533.8,1942.4,970.5,6343.5,1525.8,890.3,6571.5,2136.7,945.8,6421.1,1737.8,934.8,6555.4,1737.2,-528.4,6369.1,1782.0,-569.5,6355.0,1741.5,-561.9,6409.4,1853.7,-546.3,6373.1,1805.1,-534.3,6460.9,1892.1,-381.1,6315.0,1849.0,-360.3,6564.0,1920.1,-75.2,6266.5,1874.6,-82.2,6633.8,1831.9,154.9,6241.4,1852.1,128.5,6654.0,1822.5,230.2,6223.9,1851.8,193.4,6681.2,1799.2,270.1,6259.9,1832.1,228.7,6645.4,1787.5,222.2,6245.3,1827.9,187.5,6659.2,1775.1,235.7,6261.2,1824.7,201.1,6645.8
1850.9,97.5,6456.7,1878.5,75.3,6378.0,1816.7,83.7,6532.8,1833.7,-165.9,6442.3,1970.1,510.0,6390.2,1751.6,503.5,6544.1,1813.5,-427.2,6431.9,2092.7,878.2,6412.9,1716.0,860.9,6562.7,1914.2,958.7,6387.5,1520.9,903.3,6537.2,1942.7,969.7,6344.7,1524.4,897.6,6574.3,2136.6,945.9,6421.3,1738.2,935.3,6561.1,1724.5,-528.6,6372.3,1770.6,-569.3,6358.7,1724.3,-562.0,6412.7,1836.0,-545.2,6377.6,1779.9,-533.8,6464.8,1874.9,-379.6,6319.1,1823.6,-359.6,6567.8,1903.6,-72.0,6270.6,1856.7,-82.2,6637.2,1811.4,160.1,6244.3,1829.1,130.3,6658.0,1802.0,235.0,6226.9,1827.7,194.1,6685.3,1777.0,277.1,6263.5,1807.5,229.6,6649.1,1763.7,228.8,6248.5,1802.4,188.3,6663.0,1751.8,243.0,6264.5,1799.3,202.7,6649.7
1822.6,96.9,6450.6,1858.5,75.8,6372.4,1783.5,83.7,6526.2,1804.5,-165.6,6435.7,1953.4,509.3,6385.2,1727.9,502.0,6537.4,1787.1,-424.5,6424.5,2088.7,876.5,6407.3,1706.7,861.3,6557.1,1907.4,958.3,6380.6,1512.0,916.5,6529.6,1939.7,969.8,6338.2,1513.2,906.6,6567.4,2134.7,944.8,6417.4,1733.4,935.1,6556.5,1701.8,-528.1,6363.8,1750.5,-568.3,6350.8,1699.7,-561.6,6404.2,1816.6,-545.1,6370.0,1751.0,-533.9,6457.2,1856.0,-375.9,6313.0,1778.7,-359.7,6560.1,1880.9,-62.2,6264.9,1824.6,-82.1,6629.5,1785.2,170.5,6237.8,1804.0,134.4,6653.0,1780.9,248.0,6219.9,1805.0,197.8,6680.6,1753.1,294.7,6256.1,1783.5,235.4,6644.2,1734.4,243.4,6240.6,1774.6,192.5,6659.0,1721.3,260.1,6256.3,1770.4,208.7,6645.6
1812.6,97.4,6458.4,1843.2,75.3,6380.1,1774.0,84.1,6534.0,1792.1,-166.1,6443.8,1938.1,509.2,6390.2,1721.2,502.6,6546.3,1772.7,-426.2,6432.9,2088.3,875.0,6411.7,1709.2,863.2,6566.0,1909.3,959.0,6385.0,1514.8,924.8,6538.3,1941.3,970.2,6342.6,1515.7,916.4,6575.8,2135.6,943.3,6421.4,1736.5,936.6,6565.8,1682.5,-528.7,6372.1,1729.9,-568.9,6359.1,1683.2,-562.3,6412.5,1799.6,-546.6,6378.5,1740.4,-535.2,6465.9,1838.6,-377.0,6320.8,1772.1,-360.4,6568.8,1869.0,-63.8,6272.6,1810.0,-82.5,6638.2,1780.2,168.3,6245.2,1793.4,133.7,6660.9,1775.9,245.2,6227.8,1794.7,197.4,6688.2,1752.1,290.2,6263.9,1774.1,234.5,6651.7,1735.1,239.9,6248.1,1766.4,192.2,6666.5,1722.5,255.9,6263.8,1762.7,207.9,6653.0
